<?xml version="1.0" encoding="UTF-8"?>
<document version="2.0.0">
  <chunk label="Chunk 1" enabled="true">
    <sensors next_id="1">
      <sensor id="0" label="unknown" type="frame">
        <resolution width="960" height="544"/>
        <property name="layer_index" value="0"/>
        <bands>
          <band label="Red"/>
          <band label="Green"/>
          <band label="Blue"/>
        </bands>
        <data_type>uint8</data_type>
        <calibration type="frame" class="adjusted">
          <resolution width="960" height="544"/>
          <f>764.8547389028638</f>
          <cx>-3.0903245868310023</cx>
          <cy>0.57976169621824336</cy>
          <k1>0.011328395702115777</k1>
          <k2>-0.0633955748837709</k2>
          <k3>0.08193218326290376</k3>
          <p1>-0.0015160633423334517</p1>
          <p2>0.00079210711638678087</p2>
        </calibration>
        <covariance>
          <params>f cx cy k1 k2 k3 p1 p2</params>
          <coeffs>0.10380231287544181 0.01379653142981252 -0.0397126836985131 9.1626752811444394e-06 0.0001504280188853903 -0.00014099464150100181 6.2919910563245964e-06 -1.0499977288845884e-05 0.01379653142981252 0.28213844704522562 -0.02537469870335678 -7.3082521246003434e-06 -3.2635211051594104e-05 6.4427578860294142e-05 9.6766731542108765e-05 -8.7748295553045329e-06 -0.0397126836985131 -0.02537469870335678 0.19613980452261406 -3.550285540040837e-05 0.00012160856428849502 -0.00014801096531819218 -1.0107041161775514e-05 5.4347447720553706e-05 9.1626752811444394e-06 -7.3082521246003434e-06 -3.550285540040837e-05 1.9727805416004435e-06 -8.2557838185783729e-06 1.0814779635292713e-05 -6.5832236759788622e-09 -1.9072762024836629e-08 0.0001504280188853903 -3.2635211051594104e-05 0.00012160856428849502 -8.2557838185783729e-06 3.9632002640688228e-05 -5.5044239957303177e-05 1.0091154537208404e-08 4.6622477207730703e-08 -0.00014099464150100181 6.4427578860294142e-05 -0.00014801096531819218 1.0814779635292713e-05 -5.5044239957303177e-05 7.97373917750845e-05 -7.1657868871648917e-09 -5.7408811960348973e-08 6.2919910563245964e-06 9.6766731542108765e-05 -1.0107041161775514e-05 -6.5832236759788622e-09 1.0091154537208404e-08 -7.1657868871648917e-09 3.887310682035372e-08 -3.466212109791186e-09 -1.0499977288845884e-05 -8.7748295553045329e-06 5.4347447720553706e-05 -1.9072762024836629e-08 4.6622477207730703e-08 -5.7408811960348973e-08 -3.466212109791186e-09 2.175198344597351e-08</coeffs>
        </covariance>
      </sensor>
    </sensors>
    <components next_id="1" active_id="0">
      <component id="0" label="Component 1">
        <region>
          <center>0.95309810704056452 2.8037957464771734 -11.660185646691936</center>
          <size>20.456973298390707 19.499023850758871 10.426596768697102</size>
          <R>-0.18061099035682274 -0.59722757995432596 0.78147225664397513 0.9766511445952446 -0.014927114937828844 0.21431220917258051 -0.11632803584315646 0.80193291426498514 0.58597900055833174</R>
        </region>
        <partition>
          <camera_ids>0 1 2 3 4 5 6 7 8 9 10 11 12 13 14 15 16 17 18 19 20 21 22 23 24 25 26 27 28 29 30 31 32 33 34 35 36 37 38 39 40 41 42 43 44 45 46 47 48 49 50 51 52 53 54 55 56 57 58 59 60 61 62 63 64 65 66 67 68 69 70 71 72 73 74 75 76 77 78 79 80 81</camera_ids>
        </partition>
      </component>
    </components>
    <cameras next_id="82" next_group_id="0">
      <camera id="0" sensor_id="0" component_id="0" label="frame_00000">
        <transform>-0.75597111651711857 -0.37549842328081284 0.53619828898037736 -4.4576942557131023 -0.43444900691539701 -0.32491070686965012 -0.84005183944307282 10.035343673410971 0.48965470627993174 -0.86800574115329865 0.08248819274796898 -12.161813525440351 0 0 0 1</transform>
      </camera>
      <camera id="1" sensor_id="0" component_id="0" label="frame_00300">
        <transform>-0.75597913670787664 -0.3750787568946311 0.53648063430919091 -4.4589144457451928 -0.43469499458270566 -0.32510947594138528 -0.83984765900600089 10.030439622541508 0.4894239537937996 -0.86811275464624749 0.082731122761319137 -12.165640512247418 0 0 0 1</transform>
        <rotation_covariance>1.7739872318334339e-07 -3.1324359035199197e-08 -2.0908812771044217e-08 -3.1324359035199184e-08 9.9959068611923012e-09 6.1592800809912165e-09 -2.090881277104421e-08 6.1592800809912231e-09 3.5165065349844878e-08</rotation_covariance>
        <location_covariance>4.8301371012296361e-06 1.566036588908762e-06 6.0213795484508473e-06 1.566036588908762e-06 4.1117470325803915e-06 3.7759626923463536e-06 6.0213795484508473e-06 3.7759626923463536e-06 8.4815357472240218e-06</location_covariance>
      </camera>
      <camera id="2" sensor_id="0" component_id="0" label="frame_01400">
        <transform>-0.75546478386736093 -0.37460199731664512 0.53753725819018527 -4.4632836554139361 -0.43500666471863009 -0.32672741707091263 -0.83905804124896055 10.013752200359301 0.48994097806431253 -0.86771109163162707 0.083876692071367193 -12.175673043421638 0 0 0 1</transform>
        <rotation_covariance>2.201292385244677e-07 9.105128439077424e-09 -3.1657960120565054e-08 9.1051284390774372e-09 1.0418406374464463e-07 -1.1660696861260126e-08 -3.165796012056506e-08 -1.1660696861260125e-08 4.1034074824458526e-08</rotation_covariance>
        <location_covariance>7.888967946617862e-06 3.4294717098844228e-06 2.9072181415487968e-06 3.4294717098844228e-06 5.8758383628498991e-06 9.9634702066368016e-07 2.9072181415487968e-06 9.9634702066368016e-07 1.5842025175922631e-05</location_covariance>
      </camera>
      <camera id="3" sensor_id="0" component_id="0" label="frame_02300">
        <transform>-0.75531172307548178 -0.37477235149227273 0.53763359785424425 -4.4646481370240148 -0.43506668153127698 -0.32677825321483345 -0.83900712502768671 10.001479762142896 0.49012364114181389 -0.86761838257543533 0.083768482205875627 -12.17623323161175 0 0 0 1</transform>
        <rotation_covariance>2.0840294984023963e-07 9.3907118046530484e-09 -3.0990348761771848e-08 9.390711804653055e-09 1.0166856229298968e-07 -1.0694168674369455e-08 -3.0990348761771848e-08 -1.0694168674369452e-08 3.8655932649322808e-08</rotation_covariance>
        <location_covariance>7.5186863900164143e-06 3.2562810982926032e-06 2.6271055918401947e-06 3.2562810982926032e-06 5.6570299462225361e-06 9.4337736433999086e-07 2.6271055918401947e-06 9.4337736433999086e-07 1.5066459525422472e-05</location_covariance>
      </camera>
      <camera id="4" sensor_id="0" component_id="0" label="frame_07400">
        <transform>-0.72670283826461535 -0.39204375315202755 0.56409633970858697 -4.7475168056627659 -0.45567782640307314 -0.33938908823560154 -0.82290507673192681 9.810049716906688 0.51406293718057905 -0.85505364884378987 0.067989368405632467 -11.989732530236617 0 0 0 1</transform>
        <rotation_covariance>2.016070302615531e-07 1.2903341995604246e-08 -3.5923707468731338e-08 1.2903341995604266e-08 1.0402435910838635e-07 -1.2665141933438712e-08 -3.5923707468731344e-08 -1.2665141933438704e-08 4.0705298507421746e-08</rotation_covariance>
        <location_covariance>6.7946477640604394e-06 2.7877976626260713e-06 2.9113020614698277e-06 2.7877976626260713e-06 5.4401526252295345e-06 1.0591079451772184e-06 2.9113020614698277e-06 1.0591079451772184e-06 1.421884838483205e-05</location_covariance>
      </camera>
      <camera id="5" sensor_id="0" component_id="0" label="frame_13800">
        <transform>-0.60109585931811271 -0.46042095309644759 0.65321995825325052 -5.4643980962835181 -0.52448878647969344 -0.38943872679133129 -0.75713208288396106 9.6046123665719012 0.60298862407816434 -0.79771550318701057 -0.0073956208269926604 -11.292584747238331 0 0 0 1</transform>
        <rotation_covariance>1.8811627777491938e-07 1.7555273683300643e-08 -5.1212424804632746e-08 1.755527368330065e-08 1.0954280698702957e-07 -2.4240835073626849e-08 -5.1212424804632746e-08 -2.4240835073626842e-08 5.8737311870469742e-08</rotation_covariance>
        <location_covariance>6.2533904375058693e-06 1.3884224680361781e-06 4.2900955888655765e-06 1.3884224680361781e-06 6.4745597402256054e-06 1.4040109864660088e-06 4.2900955888655765e-06 1.4040109864660088e-06 1.2482007786335213e-05</location_covariance>
      </camera>
      <camera id="6" sensor_id="0" component_id="0" label="frame_13900">
        <transform>-0.59707989033204134 -0.46223858355298025 0.65561505202062886 -5.4751768827574319 -0.5262350760650627 -0.39115437946075143 -0.75503304308319596 9.5998414993815402 0.60545210320873089 -0.79582268333065787 -0.0096957421848859957 -11.280867048320474 0 0 0 1</transform>
        <rotation_covariance>1.8896137428901963e-07 1.7334123549979404e-08 -5.1523769175081764e-08 1.7334123549979417e-08 1.1023811897019044e-07 -2.4864558815434707e-08 -5.1523769175081764e-08 -2.48645588154347e-08 5.9614002514587869e-08</rotation_covariance>
        <location_covariance>6.3000754476209383e-06 1.3701287527340147e-06 4.3321192548682191e-06 1.3701287527340147e-06 6.513464759119746e-06 1.4165508862217183e-06 4.3321192548682191e-06 1.4165508862217183e-06 1.2488345143248984e-05</location_covariance>
      </camera>
      <camera id="7" sensor_id="0" component_id="0" label="frame_15700">
        <transform>-0.55994863618628721 -0.47880089140524063 0.67617100738102098 -5.6558260070579092 -0.54193053164457905 -0.40566424508013843 -0.73603520237484943 9.54111310302779 0.62671271225701286 -0.77857962126754154 -0.032325680848977356 -11.053483879227551 0 0 0 1</transform>
        <rotation_covariance>1.8512874719225919e-07 1.8718513929043727e-08 -5.4076653734520674e-08 1.8718513929043753e-08 1.1402659195655819e-07 -2.9405758848420924e-08 -5.4076653734520688e-08 -2.9405758848420918e-08 6.6499623947807861e-08</rotation_covariance>
        <location_covariance>6.3622372695645096e-06 7.6741001041632786e-07 4.4913166364279739e-06 7.6741001041632786e-07 7.0138311229459153e-06 1.4652665797908058e-06 4.4913166364279739e-06 1.4652665797908058e-06 1.2125494549042888e-05</location_covariance>
      </camera>
      <camera id="8" sensor_id="0" component_id="0" label="frame_21000">
        <transform>-0.50575903080659068 -0.50177261759640124 0.70173502334430604 -6.0927984048763566 -0.56152813323327333 -0.42604210276124932 -0.70934778653515818 9.2810826411922367 0.65489996056278232 -0.75280300670575784 -0.066284800291149013 -10.479926644022841 0 0 0 1</transform>
        <rotation_covariance>1.8507567512990459e-07 2.0855494045281854e-08 -5.724285312138783e-08 2.0855494045281848e-08 1.2178943086787298e-07 -3.6727731551554457e-08 -5.7242853121387797e-08 -3.672773155155445e-08 8.0034978021669513e-08</rotation_covariance>
        <location_covariance>6.9771550636638587e-06 -6.5480371771879639e-07 4.742412994918033e-06 -6.5480371771879639e-07 7.786510582355412e-06 1.8303740377330795e-06 4.742412994918033e-06 1.8303740377330795e-06 1.1487266869988043e-05</location_covariance>
      </camera>
      <camera id="9" sensor_id="0" component_id="0" label="frame_22900">
        <transform>-0.46294446731757422 -0.51710197805405689 0.71992219334635643 -6.2140252138405323 -0.57539806705496899 -0.44248926235428582 -0.68783742056576569 9.1632987083710269 0.67423993104046642 -0.73267236674638037 -0.092691522788253752 -10.305734110258143 0 0 0 1</transform>
        <rotation_covariance>1.8505504563042268e-07 2.0785076142267688e-08 -5.8751044804154666e-08 2.0785076142267669e-08 1.2729247297324098e-07 -4.2980688817093435e-08 -5.8751044804154666e-08 -4.2980688817093422e-08 8.9678593523658755e-08</rotation_covariance>
        <location_covariance>7.3797729138830204e-06 -1.2710193583214999e-06 4.6926604760518335e-06 -1.2710193583214999e-06 8.0675140917090858e-06 1.9616776038586402e-06 4.6926604760518335e-06 1.9616776038586402e-06 1.1297519859986272e-05</location_covariance>
      </camera>
      <camera id="10" sensor_id="0" component_id="0" label="frame_25800">
        <transform>-0.39640475179090018 -0.53709459955446348 0.74457549240290255 -6.3031357892901303 -0.59498919635109582 -0.46735242508440639 -0.65388803857633082 8.9551885668151154 0.69917889626552054 -0.70221869947841375 -0.13430476208896447 -9.9933856194324111 0 0 0 1</transform>
        <rotation_covariance>1.8485223292849683e-07 1.9594883154558483e-08 -6.0494027104882985e-08 1.9594883154558496e-08 1.3519845181116201e-07 -5.3000147213186039e-08 -6.0494027104882985e-08 -5.3000147213186039e-08 1.0536425780401992e-07</rotation_covariance>
        <location_covariance>8.0619365560717173e-06 -2.2036592369879514e-06 4.4181057583704617e-06 -2.2036592369879514e-06 8.2633358697552109e-06 2.1484922480829183e-06 4.4181057583704617e-06 2.1484922480829183e-06 1.0880783215957512e-05</location_covariance>
      </camera>
      <camera id="11" sensor_id="0" component_id="0" label="frame_27800">
        <transform>-0.36887747790320913 -0.54441906890658676 0.75335070432478723 -6.2807472214254734 -0.6021061464520332 -0.4774997152572753 -0.63989234276861295 8.801512141400849 0.70809434025449591 -0.68963896303798411 -0.15165917697074463 -9.7743948966466938 0 0 0 1</transform>
        <rotation_covariance>1.8662370889240053e-07 1.9544113189540608e-08 -6.1524552013425862e-08 1.9544113189540621e-08 1.4038771973831848e-07 -5.7611129552305812e-08 -6.1524552013425849e-08 -5.7611129552305819e-08 1.1327969388147045e-07</rotation_covariance>
        <location_covariance>8.4592167268410344e-06 -2.6234067796429085e-06 4.1341489089802915e-06 -2.6234067796429085e-06 8.2105121347064396e-06 2.2370295933551194e-06 4.1341489089802915e-06 2.2370295933551194e-06 1.0794582298643875e-05</location_covariance>
      </camera>
      <camera id="12" sensor_id="0" component_id="0" label="frame_30600">
        <transform>-0.31879056103063458 -0.55643763806744573 0.76730028876554912 -6.1570274277165424 -0.61387812179033729 -0.49559111543932499 -0.61444535793247956 8.5922356794083949 0.7221677296756901 -0.66690824049454334 -0.18359512241759465 -9.3777975070004036 0 0 0 1</transform>
        <rotation_covariance>1.8853378511866723e-07 1.8831017493405427e-08 -6.2335222240726426e-08 1.8831017493405427e-08 1.4835605213425389e-07 -6.5828794040846596e-08 -6.2335222240726413e-08 -6.5828794040846609e-08 1.2720020065280915e-07</rotation_covariance>
        <location_covariance>9.0751987653397487e-06 -3.3700466210639158e-06 3.6078276536241106e-06 -3.3700466210639158e-06 8.1054982965930826e-06 2.4171292030147442e-06 3.6078276536241106e-06 2.4171292030147442e-06 1.0724642251252671e-05</location_covariance>
      </camera>
      <camera id="13" sensor_id="0" component_id="0" label="frame_33500">
        <transform>-0.30587951824065374 -0.55916084864693127 0.77056918291695919 -6.0377565729257858 -0.6167997520368782 -0.50016100172776967 -0.6077804194262264 8.3487174047019401 0.7252556695456519 -0.66119446284063588 -0.19190126654290501 -8.9414806901446529 0 0 0 1</transform>
        <rotation_covariance>1.9214779366104153e-07 2.0417176071078988e-08 -6.285362551548398e-08 2.0417176071078962e-08 1.5456156670704955e-07 -6.9271922351719018e-08 -6.285362551548398e-08 -6.9271922351719018e-08 1.3524862552085471e-07</rotation_covariance>
        <location_covariance>9.7309971883583729e-06 -3.9559351980042535e-06 3.1033612437739712e-06 -3.9559351980042535e-06 8.1341830368698019e-06 2.5522365579529127e-06 3.1033612437739712e-06 2.5522365579529127e-06 1.1355879412908855e-05</location_covariance>
      </camera>
      <camera id="14" sensor_id="0" component_id="0" label="frame_33800">
        <transform>-0.3056932241208577 -0.55920986412705542 0.77060753992521724 -6.0278142110260768 -0.61687693496509055 -0.50018592125872419 -0.60768157062941852 8.3195022469208944 0.72526857083060658 -0.66113415585458968 -0.19206022005550138 -8.8898337064511974 0 0 0 1</transform>
        <rotation_covariance>1.9215176156410607e-07 2.0652492266944157e-08 -6.2670704293996696e-08 2.0652492266944144e-08 1.5520885371342098e-07 -6.9436900593365541e-08 -6.2670704293996696e-08 -6.9436900593365555e-08 1.357401097163878e-07</rotation_covariance>
        <location_covariance>9.7855199344310909e-06 -4.020757498328766e-06 3.0125449064293398e-06 -4.020757498328766e-06 8.159792422549361e-06 2.5515774297218669e-06 3.0125449064293398e-06 2.5515774297218669e-06 1.1440881132376627e-05</location_covariance>
      </camera>
      <camera id="15" sensor_id="0" component_id="0" label="frame_37800">
        <transform>-0.22789154734939315 -0.5730109994175856 0.78722540431134425 -5.9043233556777217 -0.63022577023452253 -0.5294905722292208 -0.56785139997421419 7.7826547464928399 0.74221352802209328 -0.62553827098494308 -0.24045987264856836 -8.1598624996320712 0 0 0 1</transform>
        <rotation_covariance>2.0223451666491181e-07 1.8950136286065894e-08 -6.1568569164024197e-08 1.8950136286065894e-08 1.7679117965301431e-07 -8.4869332278294254e-08 -6.1568569164024197e-08 -8.4869332278294227e-08 1.6374567343857364e-07</rotation_covariance>
        <location_covariance>1.1845707016501455e-05 -5.6087303879522662e-06 1.587814194998221e-06 -5.6087303879522662e-06 9.0672893069334154e-06 2.4933818168095215e-06 1.587814194998221e-06 2.4933818168095215e-06 1.3554737654123354e-05</location_covariance>
      </camera>
      <camera id="16" sensor_id="0" component_id="0" label="frame_38700">
        <transform>-0.20811089468435143 -0.57562025893419155 0.79079148517053033 -5.884408131742072 -0.63265609880748674 -0.53737418456921304 -0.55765154568087139 7.5848821733339804 0.74594645662766568 -0.6163524180719242 -0.25233624508088837 -8.020727463835069 0 0 0 1</transform>
        <rotation_covariance>2.042312798259773e-07 1.7552493416870202e-08 -6.0145385067316005e-08 1.7552493416870202e-08 1.821950899083205e-07 -8.8638610523359363e-08 -6.0145385067316018e-08 -8.8638610523359389e-08 1.7105114338556514e-07</rotation_covariance>
        <location_covariance>1.2499498987724268e-05 -5.9109807611361603e-06 1.0663516245562717e-06 -5.9109807611361603e-06 9.1366259909319662e-06 2.4224070077369564e-06 1.0663516245562717e-06 2.4224070077369564e-06 1.4046866233626106e-05</location_covariance>
      </camera>
      <camera id="17" sensor_id="0" component_id="0" label="frame_38800">
        <transform>-0.2068384773264928 -0.57575046964519505 0.79103049309150808 -5.8826893707700867 -0.63278701992556119 -0.53791468924400343 -0.55698148488908916 7.5611420343376778 0.7461892733824208 -0.61575903062713111 -0.253065968652742 -8.0063413504272294 0 0 0 1</transform>
        <rotation_covariance>2.0506525200007086e-07 1.7400433500786637e-08 -6.0147479906540883e-08 1.7400433500786623e-08 1.8316275658290444e-07 -8.8980971978097765e-08 -6.0147479906540896e-08 -8.8980971978097765e-08 1.7189387180301918e-07</rotation_covariance>
        <location_covariance>1.258795687588558e-05 -5.9419223275541493e-06 1.0075075455557047e-06 -5.9419223275541493e-06 9.2151396851305591e-06 2.4127459844543075e-06 1.0075075455557047e-06 2.4127459844543075e-06 1.4147209160849665e-05</location_covariance>
      </camera>
      <camera id="18" sensor_id="0" component_id="0" label="frame_44200">
        <transform>0.076557640557739504 -0.58934447227077214 0.80424624380603527 -5.9339143477424079 -0.64227603097738628 -0.64611637527925014 -0.41232890952240847 6.5820520490125478 0.76264043146437444 -0.48498115695343019 -0.42798697374563266 -6.8514591335975004 0 0 0 1</transform>
        <rotation_covariance>2.6346173650803342e-07 -1.8476539374127302e-08 -3.7749519643633714e-08 -1.8476539374127309e-08 2.4834760484339697e-07 -1.4186896715327143e-07 -3.7749519643633701e-08 -1.4186896715327146e-07 2.6142212546687953e-07</rotation_covariance>
        <location_covariance>2.0120445141400534e-05 -1.0077469572225256e-05 -3.0901449360621263e-06 -1.0077469572225256e-05 1.4873235510654178e-05 1.3235817396524653e-06 -3.0901449360621263e-06 1.3235817396524653e-06 2.1624580275088747e-05</location_covariance>
      </camera>
      <camera id="19" sensor_id="0" component_id="0" label="frame_46600">
        <transform>0.1931647360255021 -0.58136862920991095 0.79037832822439325 -5.9542788421782644 -0.63113142560804325 -0.69039990718202005 -0.35358321760657208 6.2744667348012735 0.75123931497636409 -0.43053279216994195 -0.50028092757989118 -6.4473128540502032 0 0 0 1</transform>
        <rotation_covariance>2.9735937731679935e-07 -3.5843844934927998e-08 -2.2209941687331882e-08 -3.5843844934928017e-08 2.623038986029636e-07 -1.6203309454259692e-07 -2.2209941687331869e-08 -1.6203309454259695e-07 2.9467280033494464e-07</rotation_covariance>
        <location_covariance>2.3288544400406578e-05 -1.1467629557493633e-05 -4.9224551163376114e-06 -1.1467629557493633e-05 1.6525569897581605e-05 1.1173181944982809e-06 -4.9224551163376114e-06 1.1173181944982809e-06 2.4668366084074657e-05</location_covariance>
      </camera>
      <camera id="20" sensor_id="0" component_id="0" label="frame_48800">
        <transform>0.24757972102058745 -0.52845932089698011 0.81205604972592282 -5.9444681858373141 -0.6238110763440422 -0.7282538139184449 -0.28373601030487056 6.1773699055016795 0.74132585464818068 -0.4363222761564442 -0.50995965385489417 -6.3266473954033255 0 0 0 1</transform>
        <rotation_covariance>3.1421552306121971e-07 -4.5032730275874068e-08 -5.7345560553482517e-09 -4.5032730275874082e-08 2.5017440573366734e-07 -1.6609381166940234e-07 -5.7345560553482385e-09 -1.6609381166940234e-07 3.2193227624798268e-07</rotation_covariance>
        <location_covariance>2.4808433032117837e-05 -1.1791408868355151e-05 -5.5000456948054765e-06 -1.1791408868355151e-05 1.7140967146364817e-05 8.4027716461045134e-07 -5.5000456948054765e-06 8.4027716461045134e-07 2.5547739501790923e-05</location_covariance>
      </camera>
      <camera id="21" sensor_id="0" component_id="0" label="frame_50800">
        <transform>0.28621120425291252 -0.5280229625725863 0.79954668253715255 -6.0450008736263374 -0.61299913840033959 -0.74224514324730784 -0.27074749056311553 5.9808527271418486 0.73642053398892882 -0.41263046218360122 -0.53611649741227785 -6.4126625226636458 0 0 0 1</transform>
        <rotation_covariance>3.3073094374698605e-07 -5.319300839894935e-08 1.3492745192310203e-09 -5.319300839894935e-08 2.5589466609737775e-07 -1.7050484553196525e-07 1.3492745192310336e-09 -1.7050484553196525e-07 3.2588696714750112e-07</rotation_covariance>
        <location_covariance>2.6283239194671217e-05 -1.1838149025420923e-05 -6.3976532120492684e-06 -1.1838149025420923e-05 1.731919238366499e-05 5.8970345950818747e-07 -6.3976532120492684e-06 5.8970345950818747e-07 2.5098636150198666e-05</location_covariance>
      </camera>
      <camera id="22" sensor_id="0" component_id="0" label="frame_51400">
        <transform>0.28958848286776739 -0.57299756629368293 0.76668918057571478 -6.0064943982960726 -0.61401537588824007 -0.72568452985690379 -0.31043047740063889 5.9637198664074793 0.73425038560641376 -0.38086185441427711 -0.56197919809273256 -6.4158673741535788 0 0 0 1</transform>
        <rotation_covariance>3.2808610018654467e-07 -5.4044656196268573e-08 -6.7207749208595963e-09 -5.404465619626852e-08 2.7389634468425763e-07 -1.7522217410339681e-07 -6.7207749208595963e-09 -1.7522217410339689e-07 3.1347919746515965e-07</rotation_covariance>
        <location_covariance>2.6029280419793395e-05 -1.2078551643261082e-05 -6.5523508753114387e-06 -1.2078551643261082e-05 1.7080886416449298e-05 7.1706269446193426e-07 -6.5523508753114387e-06 7.1706269446193426e-07 2.5224185792099293e-05</location_covariance>
      </camera>
      <camera id="23" sensor_id="0" component_id="0" label="frame_55400">
        <transform>0.42721313686961931 -0.55169603675982404 0.71632424132478079 -5.8890063263126136 -0.58018206940794392 -0.77491162199446184 -0.25080020820451521 5.5940761366973808 0.69345346060390778 -0.30845333702428201 -0.65113657312045459 -6.2945184814435287 0 0 0 1</transform>
        <rotation_covariance>3.891167696644009e-07 -7.9869371006831209e-08 1.2307932432971318e-08 -7.9869371006831223e-08 2.9616228298978494e-07 -1.9381009740834955e-07 1.2307932432971318e-08 -1.938100974083496e-07 3.4157961427983411e-07</rotation_covariance>
        <location_covariance>2.9650404761542086e-05 -1.2818533298484649e-05 -8.580739312818433e-06 -1.2818533298484649e-05 1.8338780784133649e-05 2.5604982511043506e-07 -8.580739312818433e-06 2.5604982511043506e-07 2.7260486406067994e-05</location_covariance>
      </camera>
      <camera id="24" sensor_id="0" component_id="0" label="frame_57200">
        <transform>0.42664436490653623 -0.5516029371644412 0.71673480842293402 -5.7307279664301243 -0.57969649168158865 -0.77507145628611906 -0.2514283499977138 5.3431445035209819 0.69420930808046366 -0.3082181652045779 -0.65044215669986194 -5.9996189984727195 0 0 0 1</transform>
        <rotation_covariance>3.9048283099562792e-07 -7.8180262760437725e-08 1.5140426809168562e-08 -7.8180262760437712e-08 2.9938097772540846e-07 -1.9736619411105511e-07 1.5140426809168575e-08 -1.9736619411105511e-07 3.4863349876381683e-07</rotation_covariance>
        <location_covariance>3.0416927556330586e-05 -1.3033332492556935e-05 -9.3742783511580954e-06 -1.3033332492556935e-05 1.9332423308096821e-05 -3.6829676315168528e-07 -9.3742783511580954e-06 -3.6829676315168528e-07 3.0287452505058102e-05</location_covariance>
      </camera>
      <camera id="25" sensor_id="0" component_id="0" label="frame_58600">
        <transform>0.43581475719952678 -0.54924027721457036 0.71302217026708148 -5.5638163871691271 -0.57663112674936934 -0.7786612380778366 -0.24735242060437318 5.1372160900934265 0.69105863793955302 -0.30335094230997761 -0.65606109831994941 -5.7589745998211868 0 0 0 1</transform>
        <rotation_covariance>3.9527214903613954e-07 -7.9294732156715167e-08 1.8729370569909179e-08 -7.9294732156715154e-08 3.0650736100431237e-07 -2.0141393489290791e-07 1.8729370569909179e-08 -2.0141393489290794e-07 3.5726060153820428e-07</rotation_covariance>
        <location_covariance>3.1222110250726829e-05 -1.3273779295354177e-05 -9.9140398268612747e-06 -1.3273779295354177e-05 2.0365004130992941e-05 -1.055723455477504e-06 -9.9140398268612747e-06 -1.055723455477504e-06 3.3126458537866816e-05</location_covariance>
      </camera>
      <camera id="26" sensor_id="0" component_id="0" label="frame_63400">
        <transform>0.47268700296699945 -0.53783529923305062 0.69806889926780935 -4.9122348183316369 -0.5628064630364098 -0.79380095739749357 -0.23049712622778706 4.3406106331560155 0.67809725142528143 -0.28392469236351675 -0.67791657796203852 -4.882410957864038 0 0 0 1</transform>
        <rotation_covariance>4.2403362196685521e-07 -8.1010386994661796e-08 3.0442407203705014e-08 -8.101038699466181e-08 3.474659333895569e-07 -2.2152656842852118e-07 3.0442407203705067e-08 -2.2152656842852113e-07 3.9742213220421692e-07</rotation_covariance>
        <location_covariance>3.5492163702744182e-05 -1.4411622413857728e-05 -1.1181104879158311e-05 -1.4411622413857728e-05 2.606042818207565e-05 -4.2495024530025818e-06 -1.1181104879158311e-05 -4.2495024530025818e-06 4.5947282183500591e-05</location_covariance>
      </camera>
      <camera id="27" sensor_id="0" component_id="0" label="frame_67400">
        <transform>0.48055653898075684 -0.53533413772247895 0.69460979969459613 -4.2764331263719759 -0.55921763310223327 -0.79719263927466266 -0.22750721903674614 3.6615485716469456 0.6755302004132554 -0.27910796634139279 -0.68246442504675586 -4.1892643573696917 0 0 0 1</transform>
        <rotation_covariance>4.3549524745929379e-07 -8.1740587217470033e-08 4.4405180333824655e-08 -8.1740587217470019e-08 3.92556384900993e-07 -2.3572462725122317e-07 4.4405180333824629e-08 -2.3572462725122319e-07 4.3135344720787482e-07</rotation_covariance>
        <location_covariance>3.9668834383001426e-05 -1.5557814124837718e-05 -1.0732839384686308e-05 -1.5557814124837718e-05 3.2793253394628748e-05 -7.740188775182337e-06 -1.0732839384686308e-05 -7.740188775182337e-06 5.8757260744242902e-05</location_covariance>
      </camera>
      <camera id="28" sensor_id="0" component_id="0" label="frame_72200">
        <transform>0.62768413136368928 -0.47646837091887828 0.61562206161582722 -3.3879826481415658 -0.49443007355875546 -0.85483095649518837 -0.15748948592907883 2.8164664910882973 0.60129155456807681 -0.2055284100347983 -0.77214411807231531 -3.1912062724544352 0 0 0 1</transform>
        <rotation_covariance>5.5488007114802419e-07 -1.2662041122686207e-07 9.9094700962174555e-08 -1.2662041122686207e-07 4.5918852876736021e-07 -2.6856131487948158e-07 9.9094700962174608e-08 -2.6856131487948158e-07 5.0077373289357364e-07</rotation_covariance>
        <location_covariance>5.0854099735154161e-05 -1.9241560760556958e-05 -1.024468358258544e-05 -1.9241560760556958e-05 4.6038336426029289e-05 -1.2441677280953785e-05 -1.024468358258544e-05 -1.2441677280953785e-05 7.9699262484546126e-05</location_covariance>
      </camera>
      <camera id="29" sensor_id="0" component_id="0" label="frame_74700">
        <transform>0.71359114068701823 -0.47682587359161888 0.5132492281597606 -2.9095565549134057 -0.44443748890809465 -0.874446352748662 -0.19447080659479457 2.3416366894454841 0.5415376278579983 -0.089334553439038122 -0.83591646423298782 -2.6514071600645379 0 0 0 1</transform>
        <rotation_covariance>6.7728996618577368e-07 -1.7595720181253425e-07 1.0378242327578408e-07 -1.759572018125342e-07 5.3849248224845314e-07 -2.9097677987496936e-07 1.037824232757841e-07 -2.909767798749693e-07 5.0153778017958594e-07</rotation_covariance>
        <location_covariance>5.8623028135062054e-05 -2.2152988782157017e-05 -1.0429918747251389e-05 -2.2152988782157017e-05 5.5596816996348579e-05 -1.418580881806897e-05 -1.0429918747251389e-05 -1.418580881806897e-05 9.3458721189022373e-05</location_covariance>
      </camera>
      <camera id="30" sensor_id="0" component_id="0" label="frame_74800">
        <transform>0.71365522035349183 -0.47745137992974918 0.51257819526915804 -2.8885060015595032 -0.44443394767628019 -0.8742131258690502 -0.19552461919446712 2.3226620007542729 0.54145608558320402 -0.088269985620494928 -0.83608236258365776 -2.6336693938760214 0 0 0 1</transform>
        <rotation_covariance>6.81608949466703e-07 -1.7657174540950112e-07 1.0471999824255052e-07 -1.7657174540950112e-07 5.4194903089246359e-07 -2.9181119726983904e-07 1.0471999824255045e-07 -2.9181119726983899e-07 5.0231321546918004e-07</rotation_covariance>
        <location_covariance>5.8908063239607885e-05 -2.2167954351486011e-05 -1.035388057008484e-05 -2.2167954351486011e-05 5.6101907945111392e-05 -1.4278339190024114e-05 -1.035388057008484e-05 -1.4278339190024114e-05 9.397870125221179e-05</location_covariance>
      </camera>
      <camera id="31" sensor_id="0" component_id="0" label="frame_77000">
        <transform>0.7851984102710835 -0.41050435804387053 0.46362660464510907 -2.4193792787731065 -0.3941791605050492 -0.90875743727375569 -0.13705002598748398 1.8917049134086052 0.47758375802711028 -0.075140483273832395 -0.87536715830677436 -2.2253627872680339 0 0 0 1</transform>
        <rotation_covariance>7.8538111802158646e-07 -2.0030191832622498e-07 1.4039935882854493e-07 -2.0030191832622493e-07 5.6670949914152804e-07 -2.9600927557825767e-07 1.4039935882854485e-07 -2.9600927557825762e-07 5.3338264392862677e-07</rotation_covariance>
        <location_covariance>6.6498677314719189e-05 -2.4292029822605323e-05 -9.7682608541852459e-06 -2.4292029822605323e-05 6.5176673224728827e-05 -1.6928174848057688e-05 -9.7682608541852459e-06 -1.6928174848057688e-05 0.00010559199606362658</location_covariance>
      </camera>
      <camera id="32" sensor_id="0" component_id="0" label="frame_81800">
        <transform>0.92857160427946217 -0.24355491010622971 0.28006388822733419 -1.5949810297864053 -0.23277057276225091 -0.96988613649233135 -0.071685024209472717 1.3743807698134241 0.28908932215113037 0.0013740462603027935 -0.95730114165557878 -1.3179520879622175 0 0 0 1</transform>
        <rotation_covariance>1.0723983419833967e-06 -2.2575725459445023e-07 1.6374169162746417e-07 -2.2575725459445018e-07 5.9714396130398359e-07 -2.9522669272551548e-07 1.637416916274642e-07 -2.9522669272551548e-07 5.4913919303354117e-07</rotation_covariance>
        <location_covariance>8.4711030914464859e-05 -2.8988911889470521e-05 -1.001931040238014e-05 -2.8988911889470521e-05 8.1818659295577234e-05 -1.9458328543728053e-05 -1.001931040238014e-05 -1.9458328543728053e-05 0.00013029011442445651</location_covariance>
      </camera>
      <camera id="33" sensor_id="0" component_id="0" label="frame_85800">
        <transform>0.99334095614041951 -0.072006709308631706 0.089937637663988768 -0.99346900124252691 -0.068113003540321279 -0.99663309606234773 -0.045640887172514855 0.87625034086735742 0.092921276372814166 0.039211039870427178 -0.9949010658098254 -0.64510983803353472 0 0 0 1</transform>
        <rotation_covariance>1.3180455488620038e-06 -1.9406695295996046e-07 1.1470888602391032e-07 -1.9406695295996044e-07 5.6362448288830565e-07 -2.7649601146968178e-07 1.1470888602391029e-07 -2.7649601146968184e-07 5.3361015858218911e-07</rotation_covariance>
        <location_covariance>9.7114957324809492e-05 -3.1347448466030503e-05 -1.3063547072570723e-05 -3.1347448466030503e-05 9.6017868903463217e-05 -2.186428037248331e-05 -1.3063547072570723e-05 -2.186428037248331e-05 0.00015339330193905643</location_covariance>
      </camera>
      <camera id="34" sensor_id="0" component_id="0" label="frame_90600">
        <transform>0.99984747306387622 -0.0022645088495542483 0.017317696366792021 -0.43146510251092129 -0.0015171426429894134 -0.99907184429757645 -0.043048207977099781 0.10853257440988327 0.017399105896077943 0.043015368550195221 -0.99892289451313887 -0.1235753021104937 0 0 0 1</transform>
        <rotation_covariance>1.4077087973073897e-06 -1.7065161951812474e-07 9.8915492077838484e-08 -1.7065161951812471e-07 5.5108899751606785e-07 -2.588925539082539e-07 9.8915492077838497e-08 -2.5889255390825395e-07 5.0725175937120819e-07</rotation_covariance>
        <location_covariance>0.00010860969688329439 -3.2574147955477727e-05 -1.5164132551196885e-05 -3.2574147955477727e-05 0.00011222359500757779 -2.6151421979396766e-05 -1.5164132551196885e-05 -2.6151421979396766e-05 0.00017767798515814481</location_covariance>
      </camera>
      <camera id="35" sensor_id="0" component_id="0" label="frame_91900">
        <transform>0.99984984550988942 -0.0007297842983757419 0.017313400842365611 -0.21318764835552551 2.2741299318385013e-05 -0.99905669116995655 -0.043424961846519922 0.039399465988891484 0.017328759813786072 0.043418835122746899 -0.99890666172565912 -0.068498935504067035 0 0 0 1</transform>
        <rotation_covariance>1.4098976077104958e-06 -1.7217555114225998e-07 1.0600606700870549e-07 -1.7217555114225998e-07 5.5449329661133446e-07 -2.5795250218570327e-07 1.0600606700870549e-07 -2.5795250218570327e-07 5.0774663955440394e-07</rotation_covariance>
        <location_covariance>0.00010989568608911376 -3.3163915206359693e-05 -1.3427806995740821e-05 -3.3163915206359693e-05 0.00011487968281397161 -2.6624597699809349e-05 -1.3427806995740821e-05 -2.6624597699809349e-05 0.00018070394693735979</location_covariance>
      </camera>
      <camera id="36" sensor_id="0" component_id="0" label="frame_92100">
        <transform>0.99984919801688843 -0.0006435155809239783 0.017354167012057286 -0.17549645666484784 0.00011138965551808509 -0.99905499064377234 -0.043463930587518892 0.041840803519099808 0.017365736878402618 0.043459309215277381 -0.99890425948896688 -0.061435401530173427 0 0 0 1</transform>
        <rotation_covariance>1.4103247580481105e-06 -1.7245471778572428e-07 1.0697864156681477e-07 -1.724547177857243e-07 5.5579680567148049e-07 -2.581504509872059e-07 1.0697864156681476e-07 -2.581504509872059e-07 5.0871026936791255e-07</rotation_covariance>
        <location_covariance>0.00011008288993936045 -3.3271252099223171e-05 -1.3065408258288317e-05 -3.3271252099223171e-05 0.00011521164891321084 -2.663279071310562e-05 -1.3065408258288317e-05 -2.663279071310562e-05 0.00018100229066216937</location_covariance>
      </camera>
      <camera id="37" sensor_id="0" component_id="0" label="frame_95400">
        <transform>0.99987062608506627 0.01587835570763731 -0.0025707804806876385 0.044228096102424432 0.015743916634181322 -0.99882514041109938 -0.045830862655668755 0.32939157741635883 -0.0032954789142235256 0.045784459183969152 -0.99894590600089916 0.10044415302091424 0 0 0 1</transform>
        <rotation_covariance>1.4189766103864613e-06 -1.6546874343802671e-07 9.9916555625361058e-08 -1.6546874343802668e-07 5.5736113435222541e-07 -2.6093588458656079e-07 9.9916555625361058e-08 -2.6093588458656074e-07 5.1779875276376968e-07</rotation_covariance>
        <location_covariance>0.00010987856947867633 -3.5140807572844249e-05 -9.44019519778491e-06 -3.5140807572844249e-05 0.00011487384736269144 -2.5165879526628371e-05 -9.44019519778491e-06 -2.5165879526628371e-05 0.00018162179539183494</location_covariance>
      </camera>
      <camera id="38" sensor_id="0" component_id="0" label="frame_97800">
        <transform>0.9985710226686878 0.043195173852236562 -0.03146568992229648 0.23732735061298391 0.041694770709690056 -0.99803027875469008 -0.046873327002698022 0.36973105063659717 -0.033428412793272473 0.045494391354435983 -0.99840512897992062 0.085258036231032508 0 0 0 1</transform>
        <rotation_covariance>1.4454057185408402e-06 -1.521397508143635e-07 8.6812210639855376e-08 -1.521397508143635e-07 5.5519802825221511e-07 -2.5888569155290901e-07 8.681221063985535e-08 -2.5888569155290901e-07 5.1942461858953122e-07</rotation_covariance>
        <location_covariance>0.00011032344220596739 -3.5141780012910871e-05 -7.9893165107014854e-06 -3.5141780012910871e-05 0.00011571227972637317 -2.51114940922293e-05 -7.9893165107014854e-06 -2.51114940922293e-05 0.00018199860892270311</location_covariance>
      </camera>
      <camera id="39" sensor_id="0" component_id="0" label="frame_100200">
        <transform>0.99732274215790695 0.057277714715458387 -0.045459997487986376 0.58865896476692647 0.055080002231550559 -0.99731750071128278 -0.048207843025516041 0.54644740174045447 -0.048099286156922855 0.04557484143664068 -0.9978022812657924 0.07970957234359495 0 0 0 1</transform>
        <rotation_covariance>1.4558966496466626e-06 -1.4347398943835828e-07 8.730271119654237e-08 -1.4347398943835826e-07 5.6352978199382377e-07 -2.5991452122984164e-07 8.7302711196542357e-08 -2.5991452122984159e-07 5.278175684344677e-07</rotation_covariance>
        <location_covariance>0.00011083185122672451 -3.5695265554457821e-05 -3.632691452535996e-06 -3.5695265554457821e-05 0.00011635053291708643 -2.4412634702961246e-05 -3.632691452535996e-06 -2.4412634702961246e-05 0.00018096079665794079</location_covariance>
      </camera>
      <camera id="40" sensor_id="0" component_id="0" label="frame_102600">
        <transform>0.99727586867931906 0.058571371870067633 -0.044835657095303537 1.0374285882057419 0.056385235400504649 -0.99722734267459046 -0.048562663137476932 0.72255479518273102 -0.04755572498384468 0.04590230298615347 -0.99781332502719577 0.12124702272966814 0 0 0 1</transform>
        <rotation_covariance>1.4586570834916427e-06 -1.4011106069067419e-07 9.8358835468142693e-08 -1.4011106069067422e-07 5.7993146581105104e-07 -2.6112570056233541e-07 9.8358835468142693e-08 -2.6112570056233541e-07 5.3850470940891992e-07</rotation_covariance>
        <location_covariance>0.00011290995669806323 -3.6635244480271467e-05 2.039715792538839e-06 -3.6635244480271467e-05 0.00011871369082019077 -2.3731302441308001e-05 2.039715792538839e-06 -2.3731302441308001e-05 0.00018122757007839232</location_covariance>
      </camera>
      <camera id="41" sensor_id="0" component_id="0" label="frame_104200">
        <transform>0.99651202424312757 0.065920358090159947 -0.051169247875358294 1.3650395213563167 0.063422689019729583 -0.99678352805317638 -0.048991435163394575 0.75750465672910705 -0.054234196374348981 0.04557526292987811 -0.99748761764369831 0.1638121624010396 0 0 0 1</transform>
