<?xml version="1.0" encoding="UTF-8"?>
<document version="2.0.0">
  <chunk label="Chunk 1" enabled="true">
    <sensors next_id="1">
      <sensor id="0" label="unknown" type="frame">
        <resolution width="960" height="544"/>
        <property name="layer_index" value="0"/>
        <bands>
          <band label="Red"/>
          <band label="Green"/>
          <band label="Blue"/>
        </bands>
        <data_type>uint8</data_type>
        <calibration type="frame" class="adjusted">
          <resolution width="960" height="544"/>
          <f>769.39722089112581</f>
          <cx>-1.0012614370736808</cx>
          <cy>-11.12407723545746</cy>
          <k1>0.0079834015254756831</k1>
          <k2>-0.039295991482718867</k2>
          <k3>0.057173119369767399</k3>
          <p1>-0.0018364668059258798</p1>
          <p2>-0.0029815130156692405</p2>
        </calibration>
        <covariance>
          <params>f cx cy k1 k2 k3 p1 p2</params>
          <coeffs>0.044983331697387628 -0.007659133521558616 -0.059560438474994523 2.2656363317797239e-05 3.0583950847506588e-05 -4.8473456103981923e-05 -2.4741213449089757e-06 -1.7446649797043215e-05 -0.007659133521558616 0.056133736741002208 -0.0021543705472521976 -5.1673307648335235e-06 -4.3229920776055819e-06 7.8290268422438893e-06 2.1048206337869234e-05 -6.9810249492446698e-07 -0.059560438474994523 -0.0021543705472521976 0.13105661987794517 -3.7130253234388312e-05 1.3559417959991945e-06 1.6921464365519205e-05 -2.8336348807325888e-06 4.0145735933945697e-05 2.2656363317797239e-05 -5.1673307648335235e-06 -3.7130253234388312e-05 2.3117907387214431e-07 -8.8193357474450618e-07 1.1145086475305243e-06 -2.3621294275996051e-09 -1.1755006302133539e-08 3.0583950847506588e-05 -4.3229920776055819e-06 1.3559417959991945e-06 -8.8193357474450618e-07 3.9949778521684634e-06 -5.310130248436614e-06 1.0734243180085765e-09 1.0965655960300375e-09 -4.8473456103981923e-05 7.8290268422438893e-06 1.6921464365519205e-05 1.1145086475305243e-06 -5.310130248436614e-06 7.3152396094971498e-06 -6.7592020682661721e-10 4.1666427610862481e-09 -2.4741213449089757e-06 2.1048206337869234e-05 -2.8336348807325888e-06 -2.3621294275996051e-09 1.0734243180085765e-09 -6.7592020682661721e-10 8.4247122146906386e-09 -8.9895807822232175e-10 -1.7446649797043215e-05 -6.9810249492446698e-07 4.0145735933945697e-05 -1.1755006302133539e-08 1.0965655960300375e-09 4.1666427610862481e-09 -8.9895807822232175e-10 1.3239074950036279e-08</coeffs>
        </covariance>
      </sensor>
    </sensors>
    <components next_id="3" active_id="0">
      <component id="0" label="Component 1">
        <region>
          <center>9.9219045930777057 -11.029394596874448 -27.385501952514062</center>
          <size>254.0457383155823 189.79742593765258 103.3302682876587</size>
          <R>-0.25975095104647866 -0.6950482792126329 0.67040087484579558 0.95880698889793725 -0.10297266278071145 0.26473720698141556 -0.11497217694260146 0.71155078545625117 0.69316439481963532</R>
        </region>
        <partition>
          <camera_ids>0 1 2 3 4 5 6 7 8 9 10 11 12 13 14 15 16 17 18 19 20 21 22 23 24 25 26 27 28 29 30 31 32 33 34 35 36 37 38 39 40 41 42 43 44 45 46 47 48 49 50 51 52 53 54 55 56 57 58 59 60 61 62 63 64 65 66 67 68 69 70 71 72 73 74 75 76 77 78 79 80 81 82 83 84 85 86 87 88 89 90 91 92 93 94 95 96 97 98 99 100 101 102 103 104 105 106 107 108 109 110 111 112 113 114 115 116 117 118 119 120</camera_ids>
        </partition>
      </component>
      <component id="1" label="Component 2">
        <region>
          <center>9.7479692501176149 -12.618683009296067 -20.821382648386901</center>
          <size>151.90210426648457 124.29115455945333 86.033341248830141</size>
          <R>-0.66031661678998299 0.57809366974528908 -0.47936382278125222 -0.75079775651620539 -0.52251035750221686 0.40408619762760833 -0.016872889535097232 0.62673011360818676 0.77905370180457134</R>
        </region>
        <partition>
          <partition>
            <camera_ids>199 200 201 202 203 204 205 206 207 208 209 210 211 212 213 214 215 216 217 218 219 220 221 222 223 224 225 226 227 228 229 230 231 232 233 234 235 236 237 238 239 240 241 242 243 244 245 246 247 248 249</camera_ids>
          </partition>
          <partition>
            <camera_ids>250 251 252 253 254 255 256 257 258 259 260 261 262 263 264 265 266 267 268 269 270 271 272 273 274 275 276 277 278 279 280 281 282 283 284 285 286 287 288 289 290 291 292 293 294 295 296 297 298 299 300 301 302 303 304 305 306 307 308 309 310 311 326 327 328</camera_ids>
          </partition>
        </partition>
      </component>
      <component id="2" label="Component 3">
        <region>
          <center>0.96622908958099352 -12.528991562093083 -10.28029006618169</center>
          <size>49.452065722147623 53.138554732004806 49.592733351389569</size>
          <R>0.53639084145738158 -0.35532068917418469 -0.76552731698184673 0.44120414760465743 -0.65518368027896112 0.61324811066367246 -0.71946074621002787 -0.66669449745809273 -0.19466556378058048</R>
        </region>
        <partition>
          <camera_ids>403 404 405 406 407 408 409 410 411 412 413 414 415 416 417 418 419 420 421 422 423 424 425 426 427 428 429 430 431 432 433 434 435 436 437 438 439 440 441 442 443 444 445 446 447 448 449 450 451 452 453 454 455 456 457 458 459 460 461 462 463 464 465 466 467 468 469 470 471 472 473 474 475 476 477 478 479 480 481 482 483 484 485 486 487 488 489 490 491 492 493 494 495 496 497 498 499</camera_ids>
        </partition>
      </component>
    </components>
    <cameras next_id="500" next_group_id="0">
      <camera id="0" sensor_id="0" component_id="0" label="frame_0">
        <transform>0.93463911809077937 -0.18151422236846554 0.30578146773874371 -34.025311621243397 -0.25688424020681871 -0.93925114497031825 0.2276351769944864 -74.381044661191098 0.24588657154845733 -0.29130718108195858 -0.92448900490066843 55.209309638396604 0 0 0 1</transform>
      </camera>
      <camera id="1" sensor_id="0" component_id="0" label="frame_1">
        <transform>0.9346261473952826 -0.1815583966969902 0.30579488745541461 -33.935555966541429 -0.25700945138086889 -0.93914706110970314 0.2279230999918882 -74.347697649122253 0.24580501725139003 -0.29161506510779905 -0.92441362349124756 55.224124090179345 0 0 0 1</transform>
        <rotation_covariance>2.2678101834347992e-08 7.0888475272802685e-09 -5.9154040922909382e-09 7.0888475272802677e-09 2.5923717869995753e-08 -9.584292590736486e-09 -5.9154040922909374e-09 -9.584292590736486e-09 1.6090369008072193e-08</rotation_covariance>
        <location_covariance>0.00011983470000726948 1.1494554601939953e-05 1.206389528602772e-05 1.1494554601939953e-05 6.0103780178957195e-05 2.1347883902461556e-05 1.206389528602772e-05 2.1347883902461556e-05 4.3844349770220012e-05</location_covariance>
      </camera>
      <camera id="2" sensor_id="0" component_id="0" label="frame_2">
        <transform>0.93459564242561832 -0.18156949393934146 0.30588151959485438 -33.837489293530162 -0.25709155877254947 -0.93908488565395998 0.22808662377304967 -74.290333811977973 0.24583513899958792 -0.29180832134622109 -0.92434462622235936 55.292378608262936 0 0 0 1</transform>
        <rotation_covariance>2.316834158902723e-08 8.9808119464300009e-09 -5.7208719301826601e-09 8.9808119464299992e-09 2.6063128625137368e-08 -9.8010603594932704e-09 -5.7208719301826585e-09 -9.8010603594932688e-09 1.6346123270200498e-08</rotation_covariance>
        <location_covariance>0.00012653312150382709 1.8110160487978881e-05 1.150292446817548e-05 1.8110160487978881e-05 5.8826515587415022e-05 2.2255473666913587e-05 1.150292446817548e-05 2.2255473666913587e-05 4.4002667909453673e-05</location_covariance>
      </camera>
      <camera id="3" sensor_id="0" component_id="0" label="frame_3">
        <transform>0.93448393098492533 -0.18134726655285591 0.30635429105003437 -33.786953744527693 -0.25714693123102539 -0.93895231570492677 0.22856947431978383 -74.237740465917966 0.24620162162225473 -0.29237256667848199 -0.92406874406853989 55.384012990121384 0 0 0 1</transform>
        <rotation_covariance>2.2701770584188876e-08 8.7689626949466051e-09 -5.2182746126051926e-09 8.7689626949466034e-09 2.5386485929167412e-08 -9.4185617387922535e-09 -5.2182746126051926e-09 -9.4185617387922552e-09 1.5468706934877206e-08</rotation_covariance>
        <location_covariance>0.00012499874844647483 1.767227509569505e-05 1.015533305904237e-05 1.767227509569505e-05 5.7988822673309989e-05 2.244614084494857e-05 1.015533305904237e-05 2.244614084494857e-05 4.246273192146445e-05</location_covariance>
      </camera>
      <camera id="4" sensor_id="0" component_id="0" label="frame_4">
        <transform>0.93414734426778501 -0.1816605952605565 0.30719402228400317 -33.720142171564383 -0.25779842246895973 -0.93871031734140586 0.22882944191976828 -74.147334691647231 0.24679690551131345 -0.29295454979634133 -0.92372556486418778 55.512098027786969 0 0 0 1</transform>
        <rotation_covariance>2.2667459141912943e-08 8.6560907886407661e-09 -5.0956607511376612e-09 8.6560907886407661e-09 2.4241146134899776e-08 -8.9516146356144524e-09 -5.0956607511376628e-09 -8.9516146356144524e-09 1.5147058589962476e-08</rotation_covariance>
        <location_covariance>0.00012107866480276604 1.8633580282249775e-05 1.0045315871573004e-05 1.8633580282249775e-05 5.8419249843336887e-05 2.2618882623675176e-05 1.0045315871573004e-05 2.2618882623675176e-05 4.2261642942520174e-05</location_covariance>
      </camera>
      <camera id="5" sensor_id="0" component_id="0" label="frame_5">
        <transform>0.93107080526862229 -0.18556783171856786 0.3141205746329076 -33.68643828017985 -0.26358644902574857 -0.93742582738241254 0.22749725722829278 -74.074599549207747 0.25224856682731661 -0.2946139813173651 -0.92172298579665246 55.641143750810507 0 0 0 1</transform>
        <rotation_covariance>2.2178557712434539e-08 8.5113755014890159e-09 -4.9546127882131049e-09 8.5113755014890143e-09 2.3747704570367711e-08 -8.7532855283229643e-09 -4.9546127882131041e-09 -8.7532855283229627e-09 1.4861621091474773e-08</rotation_covariance>
        <location_covariance>0.00012024541437766102 1.8201137236101888e-05 9.4867465889549807e-06 1.8201137236101888e-05 5.7600823027196387e-05 2.2178359017254304e-05 9.4867465889549807e-06 2.2178359017254304e-05 4.1460242156061424e-05</location_covariance>
      </camera>
      <camera id="6" sensor_id="0" component_id="0" label="frame_6">
        <transform>0.92849743783702876 -0.18884285154052374 0.31973564917305841 -33.666278438699173 -0.26850568478936276 -0.93620095047364216 0.22678729587003543 -74.011463710954942 0.25650965901086259 -0.29642226258210008 -0.91996556298583254 55.731136787686609 0 0 0 1</transform>
        <rotation_covariance>2.2701620332000643e-08 8.6093273814454286e-09 -5.0383172152666765e-09 8.6093273814454286e-09 2.3829885244789367e-08 -8.7448149331008238e-09 -5.0383172152666765e-09 -8.7448149331008238e-09 1.5098050068483673e-08</rotation_covariance>
        <location_covariance>0.00012146795118678879 1.8743622735230841e-05 9.7142129835427121e-06 1.8743622735230841e-05 5.9311673566874248e-05 2.2744206595497489e-05 9.7142129835427121e-06 2.2744206595497489e-05 4.2554271102838041e-05</location_covariance>
      </camera>
      <camera id="7" sensor_id="0" component_id="0" label="frame_7">
        <transform>0.92784192892262074 -0.18963295141585126 0.32116771112685621 -33.659860197240789 -0.26999123907804407 -0.93558040766298856 0.22758302137518677 -74.000766996283204 0.25732097806873966 -0.29787353782179044 -0.91926996563103136 55.804282384236821 0 0 0 1</transform>
        <rotation_covariance>2.2616703892348424e-08 8.5778579824954969e-09 -5.0497637413934179e-09 8.5778579824954936e-09 2.4225467213777236e-08 -8.9291955691850352e-09 -5.0497637413934187e-09 -8.9291955691850352e-09 1.499044171727365e-08</rotation_covariance>
        <location_covariance>0.00012443016027562814 1.8003463997968625e-05 9.4991274239908179e-06 1.8003463997968625e-05 5.9313602298001789e-05 2.2491026848326305e-05 9.4991274239908179e-06 2.2491026848326305e-05 4.1813225369136054e-05</location_covariance>
      </camera>
      <camera id="8" sensor_id="0" component_id="0" label="frame_8">
        <transform>0.9263315100746855 -0.19206422338656903 0.32406984978190484 -33.619082427545642 -0.27343355434959976 -0.93454684746857164 0.22771974275916335 -73.989775649472094 0.25912164093046453 -0.29955554406732193 -0.91821699571508375 55.873354950120337 0 0 0 1</transform>
        <rotation_covariance>2.1772014116516366e-08 8.2741172703202579e-09 -4.6553154497883756e-09 8.2741172703202562e-09 2.491599496263804e-08 -9.1539804132541325e-09 -4.6553154497883756e-09 -9.1539804132541325e-09 1.4784746000055839e-08</rotation_covariance>
        <location_covariance>0.00012813807801706674 1.5472703830892446e-05 8.5491880335978701e-06 1.5472703830892446e-05 5.7064730399728547e-05 2.1355003881471717e-05 8.5491880335978701e-06 2.1355003881471717e-05 4.0825936787814689e-05</location_covariance>
      </camera>
      <camera id="9" sensor_id="0" component_id="0" label="frame_9">
        <transform>0.92365139679125263 -0.19568973849761362 0.32950511900773832 -33.587076511843236 -0.27869613237164331 -0.93315831565007767 0.22703308951383594 -74.017692020104874 0.26305239593407159 -0.3015312325114024 -0.91645095494167006 55.913833664550275 0 0 0 1</transform>
        <rotation_covariance>2.1708610270275717e-08 8.2098833595298738e-09 -4.5056774006457266e-09 8.2098833595298722e-09 2.4903145585089363e-08 -9.1690521143832044e-09 -4.5056774006457275e-09 -9.1690521143832044e-09 1.4829709284998201e-08</rotation_covariance>
        <location_covariance>0.00012843764820571538 1.4723652287659421e-05 8.4251713333425667e-06 1.4723652287659421e-05 5.6630683095585547e-05 2.1078263028399005e-05 8.4251713333425667e-06 2.1078263028399005e-05 4.1028334288087209e-05</location_covariance>
      </camera>
      <camera id="10" sensor_id="0" component_id="0" label="frame_10">
        <transform>0.92031865748860364 -0.20058667546828751 0.33582518414043216 -33.485297130089826 -0.28529786847766647 -0.93154781930134789 0.22544131519533853 -74.05642253305875 0.26761669402426175 -0.30328805775942419 -0.9145477894019759 55.937362758580008 0 0 0 1</transform>
        <rotation_covariance>2.1813562724314389e-08 8.3388638589372645e-09 -4.368993267286387e-09 8.3388638589372662e-09 2.4693491579124234e-08 -8.8565337899917844e-09 -4.3689932672863878e-09 -8.8565337899917844e-09 1.42641652545536e-08</rotation_covariance>
        <location_covariance>0.00012726619278433703 1.5176002267104669e-05 8.1954339247110301e-06 1.5176002267104669e-05 5.5711756705716434e-05 2.1122902537445759e-05 8.1954339247110301e-06 2.1122902537445759e-05 4.0836458954908522e-05</location_covariance>
      </camera>
      <camera id="11" sensor_id="0" component_id="0" label="frame_11">
        <transform>0.90739673274074306 -0.2169299415526294 0.35996190058032296 -33.332813438907202 -0.30797429063979054 -0.92601466651004549 0.218285761590645 -74.09445122818434 0.28597728181857973 -0.30893079785975186 -0.90707152772942556 55.953256977508715 0 0 0 1</transform>
        <rotation_covariance>2.137009165249913e-08 8.7587966707821814e-09 -4.0559371471825127e-09 8.7587966707821831e-09 2.3481005524510834e-08 -8.1005137129936175e-09 -4.0559371471825135e-09 -8.1005137129936191e-09 1.3238380407782437e-08</rotation_covariance>
        <location_covariance>0.00012435771989527695 1.592791789617809e-05 7.0532485805336656e-06 1.592791789617809e-05 5.2460156796856256e-05 2.0325995530848739e-05 7.0532485805336656e-06 2.0325995530848739e-05 3.9661064829781753e-05</location_covariance>
      </camera>
      <camera id="12" sensor_id="0" component_id="0" label="frame_12">
        <transform>0.88248452460543703 -0.24446437405136737 0.40181865766983582 -33.239444368849462 -0.34634102778931236 -0.91577228731805926 0.20349203977082975 -74.133973752857585 0.31822783709436592 -0.31874486286044451 -0.89282291418753268 55.955934355463569 0 0 0 1</transform>
        <rotation_covariance>2.311862961348144e-08 8.8707449100840797e-09 -4.3176557100649464e-09 8.870744910084083e-09 2.4504705715957906e-08 -8.3303974787957214e-09 -4.3176557100649455e-09 -8.3303974787957231e-09 1.4408424833556076e-08</rotation_covariance>
        <location_covariance>0.00012930861547443386 1.3857110154497346e-05 6.7551457058062195e-06 1.3857110154497346e-05 5.5249122230230609e-05 2.06669644469895e-05 6.7551457058062195e-06 2.06669644469895e-05 4.1271133698419887e-05</location_covariance>
      </camera>
      <camera id="13" sensor_id="0" component_id="0" label="frame_13">
        <transform>0.86432776949368462 -0.26182567121095712 0.42940054119318888 -33.343898433256356 -0.37089139098916407 -0.90848234105322456 0.19261207668413693 -74.078607117114473 0.33967202265154905 -0.32574093063258863 -0.88233540285903811 56.011165190407013 0 0 0 1</transform>
        <rotation_covariance>2.4859988846613085e-08 9.1340241525003432e-09 -4.6589704987116764e-09 9.1340241525003415e-09 2.4827117060639753e-08 -8.3838690839498097e-09 -4.6589704987116772e-09 -8.3838690839498114e-09 1.6125201164255387e-08</rotation_covariance>
        <location_covariance>0.00013263893391566363 1.4367611220319408e-05 5.097984386460437e-06 1.4367611220319408e-05 5.8377646071627255e-05 2.1500961097603945e-05 5.097984386460437e-06 2.1500961097603945e-05 4.3885716167789085e-05</location_covariance>
      </camera>
      <camera id="14" sensor_id="0" component_id="0" label="frame_14">
        <transform>0.86154354076524986 -0.26401725240102092 0.43363304509722467 -33.391560721068885 -0.37430226122291699 -0.9073794906653242 0.19120741921627454 -74.082935356474522 0.34298767413580206 -0.32704334629304527 -0.88056919378113618 56.03251869111115 0 0 0 1</transform>
        <rotation_covariance>2.6112593069527726e-08 9.3201563775940912e-09 -5.0673644875094772e-09 9.3201563775940929e-09 2.4067146938050773e-08 -8.1200218071290789e-09 -5.0673644875094788e-09 -8.1200218071290822e-09 1.6426375318059967e-08</rotation_covariance>
        <location_covariance>0.00012884210136701759 1.6885347966747774e-05 6.7043358909127719e-06 1.6885347966747774e-05 6.0801380968249565e-05 2.2752220452179632e-05 6.7043358909127719e-06 2.2752220452179632e-05 4.5386754597795127e-05</location_covariance>
      </camera>
      <camera id="15" sensor_id="0" component_id="0" label="frame_15">
        <transform>0.86134642418519225 -0.26412080327590648 0.43396144854154084 -33.394988266797995 -0.37464606308547155 -0.9071801177037192 0.19147992442452935 -74.111700878742241 0.34310736651657514 -0.32751249643327573 -0.88034816960229068 56.028073121148296 0 0 0 1</transform>
        <rotation_covariance>2.7119490631802365e-08 9.246183158070952e-09 -5.3725924098226046e-09 9.2461831580709536e-09 2.4136682888340942e-08 -8.0448051259594829e-09 -5.372592409822603e-09 -8.0448051259594813e-09 1.669654065768884e-08</rotation_covariance>
        <location_covariance>0.00012901620849927112 1.7471563184758092e-05 6.724799001888749e-06 1.7471563184758092e-05 6.3730839002924957e-05 2.4000498858537768e-05 6.724799001888749e-06 2.4000498858537768e-05 4.5666932232606051e-05</location_covariance>
      </camera>
      <camera id="16" sensor_id="0" component_id="0" label="frame_16">
        <transform>0.86842924754969775 -0.25756582122173499 0.42366317958802957 -33.466367576258939 -0.36549723238908932 -0.90994252204931003 0.1960009685753023 -74.006600642540889 0.33502599170240849 -0.32506069326344794 -0.88436029455132392 56.141933507907133 0 0 0 1</transform>
        <rotation_covariance>2.6460825753295151e-08 9.5416314587306229e-09 -4.9162806970443457e-09 9.5416314587306245e-09 2.4989232442713169e-08 -8.4238062181128608e-09 -4.916280697044344e-09 -8.4238062181128608e-09 1.5609502496931492e-08</rotation_covariance>
        <location_covariance>0.00013229338251550843 1.7025753166458864e-05 7.8186034820663757e-06 1.7025753166458864e-05 6.1978669025597761e-05 2.4008602616045905e-05 7.8186034820663757e-06 2.4008602616045905e-05 4.4432575612030192e-05</location_covariance>
      </camera>
      <camera id="17" sensor_id="0" component_id="0" label="frame_17">
        <transform>0.88047731633534232 -0.24535718478432036 0.40565939813299928 -33.524169495461869 -0.34888231867055275 -0.91469292491564635 0.20400485491360104 -73.849918852841242 0.32099972451385866 -0.32114903858485022 -0.89096715533068549 56.334448394841189 0 0 0 1</transform>
        <rotation_covariance>2.5880571732525555e-08 9.7440158789546057e-09 -5.2315878868238229e-09 9.7440158789546007e-09 2.4903315952961477e-08 -8.8006468212090404e-09 -5.2315878868238196e-09 -8.8006468212090437e-09 1.5418558703085311e-08</rotation_covariance>
        <location_covariance>0.00013299153396847905 1.865733615730938e-05 9.2604414336328278e-06 1.865733615730938e-05 6.1845468850725674e-05 2.3830165802607599e-05 9.2604414336328278e-06 2.3830165802607599e-05 4.3518479059245946e-05</location_covariance>
      </camera>
      <camera id="18" sensor_id="0" component_id="0" label="frame_18">
        <transform>0.88621034768583162 -0.23930568840093597 0.39669132477722741 -33.473868093864532 -0.340657156349645 -0.91691401285906793 0.20789755854856573 -73.80015563427321 0.31398076610252901 -0.31937670629154352 -0.89409988144280239 56.429154426720451 0 0 0 1</transform>
        <rotation_covariance>2.6855239041123203e-08 1.0284721746096724e-08 -5.6096056406183941e-09 1.0284721746096724e-08 2.5574567330671204e-08 -9.2317129782455079e-09 -5.6096056406183965e-09 -9.2317129782455063e-09 1.5751791255906842e-08</rotation_covariance>
        <location_covariance>0.00013763852230215916 2.0837793480158827e-05 1.0459798005069212e-05 2.0837793480158827e-05 6.4252838813186723e-05 2.4803346825198639e-05 1.0459798005069212e-05 2.4803346825198639e-05 4.4558599762260875e-05</location_covariance>
      </camera>
      <camera id="19" sensor_id="0" component_id="0" label="frame_19">
        <transform>0.88603382249145801 -0.23963572017110646 0.39688636537332961 -33.440036478907352 -0.34110963108788872 -0.91672066113162654 0.20800829078063005 -73.791305261481568 0.31398771469638942 -0.31968414266658596 -0.89398756364239751 56.406774687086887 0 0 0 1</transform>
        <rotation_covariance>3.096178922720355e-08 1.145975235172185e-08 -6.2205973276230792e-09 1.1459752351721847e-08 2.8326275400706995e-08 -1.0287296646999248e-08 -6.2205973276230784e-09 -1.0287296646999246e-08 1.8139223117918871e-08</rotation_covariance>
        <location_covariance>0.0001508128632380973 2.4529110383302124e-05 1.2238691252939446e-05 2.4529110383302124e-05 7.306139147054394e-05 2.6002041269585249e-05 1.2238691252939446e-05 2.6002041269585249e-05 4.9121240012611171e-05</location_covariance>
      </camera>
      <camera id="20" sensor_id="0" component_id="0" label="frame_20">
        <transform>0.88570150469062658 -0.24026500874994103 0.39724749232581785 -33.361015741008515 -0.3418485171663796 -0.91647503256089724 0.2078776226621093 -73.688999525700964 0.31412168963621001 -0.31991598938298405 -0.893857552318712 56.266421458349463 0 0 0 1</transform>
        <rotation_covariance>2.5917273993838945e-08 1.0556152307594788e-08 -5.2570525093911855e-09 1.0556152307594786e-08 2.5643686231472853e-08 -9.3195188539116508e-09 -5.2570525093911839e-09 -9.3195188539116541e-09 1.565983578016219e-08</rotation_covariance>
        <location_covariance>0.00013822699930759132 2.1437913769892589e-05 1.0560302961549206e-05 2.1437913769892589e-05 6.1244297807605818e-05 2.1809644596089041e-05 1.0560302961549206e-05 2.1809644596089041e-05 4.2141606525999633e-05</location_covariance>
      </camera>
      <camera id="21" sensor_id="0" component_id="0" label="frame_21">
        <transform>0.88526618684566727 -0.24077479272196656 0.39790862973479901 -33.228855575639351 -0.34246808706452381 -0.91634221968299845 0.20744287350690091 -73.48953753424216 0.31467346213193298 -0.31991316886950505 -0.8936644653413125 56.030099352771565 0 0 0 1</transform>
        <rotation_covariance>2.5648523068127641e-08 1.0761456455155073e-08 -5.3667037640128309e-09 1.0761456455155073e-08 2.5367111884321618e-08 -9.4921511503899206e-09 -5.36670376401283e-09 -9.492151150389919e-09 1.5809569731717037e-08</rotation_covariance>
        <location_covariance>0.00013874109824904936 2.2606371526900055e-05 9.8141984584984307e-06 2.2606371526900055e-05 6.0157487913653233e-05 2.1037590968996448e-05 9.8141984584984307e-06 2.1037590968996448e-05 4.0273272504438298e-05</location_covariance>
      </camera>
      <camera id="22" sensor_id="0" component_id="0" label="frame_22">
        <transform>0.88479348410757752 -0.24137194895411826 0.39859763263078118 -33.020254959401818 -0.34319281415563685 -0.91616660030469144 0.20702041637982901 -73.190683081798568 0.31521291660194889 -0.31996615874844259 -0.89345535672637788 55.705020598483294 0 0 0 1</transform>
        <rotation_covariance>2.5020980021667592e-08 1.0323246313374127e-08 -5.1127323402695228e-09 1.0323246313374127e-08 2.450039479386553e-08 -9.1737790519069787e-09 -5.1127323402695253e-09 -9.173779051906982e-09 1.5425845458760643e-08</rotation_covariance>
        <location_covariance>0.00013433211091542707 2.2218593301565402e-05 8.3169796986817599e-06 2.2218593301565402e-05 5.9228250922557325e-05 2.0256777470835155e-05 8.3169796986817599e-06 2.0256777470835155e-05 3.8630729337936793e-05</location_covariance>
      </camera>
      <camera id="23" sensor_id="0" component_id="0" label="frame_23">
        <transform>0.88425010883598354 -0.24187523086161633 0.39949733130421772 -32.771326074927309 -0.34401385643719518 -0.91588046293636927 0.2069237641999363 -72.83988251778247 0.31584206750013682 -0.32040497859287664 -0.89307582997757673 55.327184043541372 0 0 0 1</transform>
        <rotation_covariance>2.5381518569381348e-08 1.0427362687376024e-08 -5.1723272601164015e-09 1.0427362687376022e-08 2.4511144002517223e-08 -9.2717395561517479e-09 -5.1723272601163999e-09 -9.2717395561517496e-09 1.577371645823312e-08</rotation_covariance>
        <location_covariance>0.00013498689575295689 2.3448681525392876e-05 6.8244642568703115e-06 2.3448681525392876e-05 6.0419003022955088e-05 1.9952352780118948e-05 6.8244642568703115e-06 1.9952352780118948e-05 3.7977667737706835e-05</location_covariance>
      </camera>
      <camera id="24" sensor_id="0" component_id="0" label="frame_24">
        <transform>0.88394435811353556 -0.24193815169322086 0.40013535524184385 -32.465543003346653 -0.34422008836504131 -0.91586426465478576 0.2066523154825784 -72.422020881295268 0.31647259363997371 -0.32040377570124851 -0.89285302149411561 54.917179524979403 0 0 0 1</transform>
        <rotation_covariance>2.6878604502679218e-08 1.079654586065118e-08 -5.6889376603563439e-09 1.0796545860651179e-08 2.5549509964085204e-08 -9.7933351541489185e-09 -5.6889376603563423e-09 -9.7933351541489201e-09 1.7164032576183622e-08</rotation_covariance>
        <location_covariance>0.00014124710633243298 2.5476056000022678e-05 5.282571308473763e-06 2.5476056000022678e-05 6.486142623403811e-05 1.9609559406027487e-05 5.282571308473763e-06 1.9609559406027487e-05 3.9457337228244832e-05</location_covariance>
      </camera>
      <camera id="25" sensor_id="0" component_id="0" label="frame_25">
        <transform>0.88378051955042281 -0.24209615870468756 0.4004016023989162 -32.155490588556667 -0.34423614575252187 -0.91601483355878965 0.20595703595097614 -71.90642436554397 0.31691239991618125 -0.31985352060075517 -0.89289431409247366 54.489118709491315 0 0 0 1</transform>
        <rotation_covariance>2.8079891656322505e-08 1.0069444038928296e-08 -5.9890373244988673e-09 1.0069444038928293e-08 2.6388731713511801e-08 -9.803887524525955e-09 -5.9890373244988657e-09 -9.8038875245259566e-09 1.8159821037896149e-08</rotation_covariance>
        <location_covariance>0.00014270744269151371 2.3259183138651348e-05 3.7758655906244327e-06 2.3259183138651348e-05 7.0455745461065234e-05 2.0812206987155724e-05 3.7758655906244327e-06 2.0812206987155724e-05 4.2393976108458444e-05</location_covariance>
      </camera>
      <camera id="26" sensor_id="0" component_id="0" label="frame_26">
        <transform>0.88625697010598015 -0.23953239731631976 0.39645026620556684 -31.82540888004544 -0.34059926633854709 -0.91706672618261731 0.20731801537333641 -71.386022493211343 0.31391196649412967 -0.31876770596249526 -0.89434133692186935 54.021292379906399 0 0 0 1</transform>
        <rotation_covariance>2.6786106235134162e-08 1.00601295646843e-08 -5.7635349136290597e-09 1.0060129564684303e-08 2.5583624883283584e-08 -9.8038215932437499e-09 -5.7635349136290581e-09 -9.8038215932437499e-09 1.7564668395608302e-08</rotation_covariance>
        <location_covariance>0.00013886931308500553 2.3036051997538664e-05 2.8928693785300918e-06 2.3036051997538664e-05 6.7976294754709126e-05 1.9649373093993096e-05 2.8928693785300918e-06 1.9649373093993096e-05 4.1683045238332842e-05</location_covariance>
      </camera>
      <camera id="27" sensor_id="0" component_id="0" label="frame_27">
        <transform>0.89133335414841985 -0.23445280770132715 0.38801640782767299 -31.48005185879655 -0.3331782183843664 -0.91919044344829026 0.20995524158152035 -70.814059534081835 0.30743637809593344 -0.31641872516382419 -0.89741966982507948 53.543140602484428 0 0 0 1</transform>
        <rotation_covariance>2.6186073431866565e-08 1.0005828647361606e-08 -5.6693024122079904e-09 1.0005828647361603e-08 2.5150130036683e-08 -9.7932674092190913e-09 -5.669302412207992e-09 -9.793267409219093e-09 1.7422656074365965e-08</rotation_covariance>
        <location_covariance>0.00013658222563758812 2.3836295125901179e-05 1.6849256442018528e-06 2.3836295125901179e-05 6.8314283263396771e-05 1.8565002978041055e-05 1.6849256442018528e-06 1.8565002978041055e-05 4.1824373206508799e-05</location_covariance>
      </camera>
      <camera id="28" sensor_id="0" component_id="0" label="frame_28">
        <transform>0.89930698067789849 -0.22594839678182402 0.37442526156193812 -31.085181640577954 -0.32112086661704764 -0.92238978301708929 0.214658978868353 -70.243685855888259 0.29686418363810518 -0.31328008263758322 -0.90206831575855173 53.03749744416875 0 0 0 1</transform>
        <rotation_covariance>2.6523678694758615e-08 9.8509179787065433e-09 -5.7735307882967264e-09 9.8509179787065416e-09 2.5792561817424054e-08 -1.0173328346207103e-08 -5.773530788296728e-09 -1.0173328346207103e-08 1.8147325559123267e-08</rotation_covariance>
        <location_covariance>0.00013892350038232233 2.3999690074069798e-05 2.2746339685871121e-08 2.3999690074069798e-05 7.2406710448533348e-05 1.8431471765023484e-05 2.2746339685871121e-08 1.8431471765023484e-05 4.3793851412049315e-05</location_covariance>
      </camera>
      <camera id="29" sensor_id="0" component_id="0" label="frame_29">
        <transform>0.9065786089677953 -0.21842474239443574 0.36111751227535516 -30.662261818256567 -0.31002404985375176 -0.92523943413339893 0.218671164163878 -69.617370969048793 0.28635697001172417 -0.31019771345777442 -0.90651920238419248 52.52214334351001 0 0 0 1</transform>
        <rotation_covariance>2.6158548964407746e-08 9.6267919991590591e-09 -5.6560358286626538e-09 9.6267919991590591e-09 2.5777068524517399e-08 -1.0237480657987186e-08 -5.6560358286626538e-09 -1.0237480657987188e-08 1.8056474115070781e-08</rotation_covariance>
        <location_covariance>0.00013750317679207648 2.4079521350271356e-05 -1.2495259693272102e-06 2.4079521350271356e-05 7.4287758528918118e-05 1.7640164727882038e-05 -1.2495259693272102e-06 1.7640164727882038e-05 4.3929064203343521e-05</location_covariance>
      </camera>
      <camera id="30" sensor_id="0" component_id="0" label="frame_30">
        <transform>0.91363759475119333 -0.21073353907209305 0.34764597073374065 -30.247896073533632 -0.29876320747407059 -0.92799187398160388 0.22264686767146905 -68.965473555196155 0.27569347347563322 -0.30728237394009744 -0.91080769174874587 51.999507262039927 0 0 0 1</transform>
        <rotation_covariance>2.6303045233981237e-08 9.6162242401169e-09 -5.7280202571655959e-09 9.616224240116905e-09 2.6142515936663137e-08 -1.0614118754576819e-08 -5.7280202571655984e-09 -1.0614118754576822e-08 1.8721868544945474e-08</rotation_covariance>
        <location_covariance>0.00013941017706897512 2.5126043630973227e-05 -2.936888410105325e-06 2.5126043630973227e-05 7.8055100369700409e-05 1.6995604154228689e-05 -2.936888410105325e-06 1.6995604154228689e-05 4.5569754673003346e-05</location_covariance>
      </camera>
      <camera id="31" sensor_id="0" component_id="0" label="frame_31">
        <transform>0.91666541081584807 -0.20756999922599739 0.34152484541410993 -29.785245102185883 -0.29391499504329355 -0.92917783234033868 0.22414845878571063 -68.234323483256645 0.2708108201355936 -0.30584841230359228 -0.91275311469688158 51.535028665082379 0 0 0 1</transform>
        <rotation_covariance>2.6444353961338924e-08 9.7143785153253407e-09 -5.9387939275181582e-09 9.7143785153253423e-09 2.6608333562857704e-08 -1.0916743469207233e-08 -5.938793927518159e-09 -1.0916743469207231e-08 1.9152221505077696e-08</rotation_covariance>
        <location_covariance>0.00014221393067171027 2.5679474875730504e-05 -4.0488418116993107e-06 2.5679474875730504e-05 8.0849916005139522e-05 1.766093041593886e-05 -4.0488418116993107e-06 1.766093041593886e-05 4.7217379936022089e-05</location_covariance>
      </camera>
      <camera id="32" sensor_id="0" component_id="0" label="frame_32">
        <transform>0.91634826535424541 -0.20828883349416394 0.34193803301754183 -29.333900850760461 -0.29455030940972715 -0.92916621312021896 0.22336128496779978 -67.359071664549219 0.27119360576698509 -0.30539467945180865 -0.91279138797078307 51.157411985952109 0 0 0 1</transform>
        <rotation_covariance>2.6272032789573474e-08 1.0076297939234203e-08 -6.0517986870979649e-09 1.0076297939234205e-08 2.6265055283443203e-08 -1.0880385325764523e-08 -6.0517986870979633e-09 -1.0880385325764523e-08 1.8994545047592991e-08</rotation_covariance>
        <location_covariance>0.00014199525732981464 2.7278546275499342e-05 -4.9565568151860964e-06 2.7278546275499342e-05 8.2417147277872563e-05 1.725760168793104e-05 -4.9565568151860964e-06 1.725760168793104e-05 4.7733856893786083e-05</location_covariance>
      </camera>
      <camera id="33" sensor_id="0" component_id="0" label="frame_33">
        <transform>0.91599979820741761 -0.20885335065458704 0.34252685676355898 -28.861326663834774 -0.29509033444796351 -0.9291821755877081 0.22258072487410513 -66.407837905923969 0.2717831197836994 -0.30496026378930957 -0.912761290431509 50.793787648490543 0 0 0 1</transform>
        <rotation_covariance>2.6877766691922741e-08 1.0343705093652236e-08 -6.207573436092584e-09 1.0343705093652238e-08 2.6654207686362042e-08 -1.1158091848058025e-08 -6.2075734360925848e-09 -1.1158091848058026e-08 1.9628458121984701e-08</rotation_covariance>
        <location_covariance>0.00014570540661720631 2.85357263419066e-05 -6.170058683167243e-06 2.85357263419066e-05 8.7407054477467823e-05 1.7610644265753576e-05 -6.170058683167243e-06 1.7610644265753576e-05 5.0122157786661238e-05</location_covariance>
      </camera>
      <camera id="34" sensor_id="0" component_id="0" label="frame_34">
        <transform>0.91568168666241301 -0.2092928389413565 0.34310866540929202 -28.381730513821601 -0.29557206916700934 -0.92915853163202633 0.2220395798585223 -65.429971172003036 0.27233104971598587 -0.30473091517482098 -0.9126745688893193 50.450736052607986 0 0 0 1</transform>
        <rotation_covariance>2.7753920502260527e-08 1.0620559828311405e-08 -6.5029182876195514e-09 1.0620559828311406e-08 2.7040621812586369e-08 -1.1517512924733047e-08 -6.5029182876195539e-09 -1.1517512924733047e-08 2.054045667906372e-08</rotation_covariance>
        <location_covariance>0.0001498509912211969 2.9848976863286323e-05 -7.9720676766382863e-06 2.9848976863286323e-05 9.4340811491272218e-05 1.8584708147263919e-05 -7.9720676766382863e-06 1.8584708147263919e-05 5.338820022815188e-05</location_covariance>
      </camera>
      <camera id="35" sensor_id="0" component_id="0" label="frame_35">
        <transform>0.91541052167781167 -0.20974001093252265 0.34355888085680575 -27.930369996316582 -0.29602070263712976 -0.92914173679335943 0.22151157206529604 -64.430590036259204 0.27275505570341996 -0.30447456505042303 -0.91263350739800209 50.139480898575648 0 0 0 1</transform>
        <rotation_covariance>2.8542569965225914e-08 1.0786978435381667e-08 -6.7372409056403131e-09 1.0786978435381665e-08 2.7408069558222616e-08 -1.1700297809235804e-08 -6.7372409056403147e-09 -1.1700297809235804e-08 2.130282732540029e-08</rotation_covariance>
        <location_covariance>0.00015376237788177724 3.0301722729172346e-05 -9.7124641541791076e-06 3.0301722729172346e-05 0.00010103839962133418 2.0177468265441434e-05 -9.7124641541791076e-06 2.0177468265441434e-05 5.7416822415004086e-05</location_covariance>
      </camera>
      <camera id="36" sensor_id="0" component_id="0" label="frame_36">
        <transform>0.9151596814256644 -0.21000077277026724 0.34406748310290369 -27.506123964561414 -0.29637371511841315 -0.9290960529331791 0.22123097751195858 -63.490607309693722 0.27321306425532826 -0.30443422911998208 -0.9125099570198324 49.798582625428743 0 0 0 1</transform>
        <rotation_covariance>2.8916766378824201e-08 1.0883744448584137e-08 -6.7115412189399149e-09 1.0883744448584137e-08 2.7478013344094281e-08 -1.1846122883668975e-08 -6.7115412189399149e-09 -1.1846122883668975e-08 2.1673085490905868e-08</rotation_covariance>
        <location_covariance>0.00015538536260866609 3.0803900726140663e-05 -1.1222169547635899e-05 3.0803900726140663e-05 0.00010703953365553703 2.0413282171368796e-05 -1.1222169547635899e-05 2.0413282171368796e-05 5.9670534562299153e-05</location_covariance>
      </camera>
      <camera id="37" sensor_id="0" component_id="0" label="frame_37">
        <transform>0.91720158934653662 -0.2073393628621055 0.34022291678857108 -27.085607848663695 -0.29260564678552303 -0.93010542062298551 0.2220041486030474 -62.551939154640159 0.27041298040111267 -0.3031737045584173 -0.91376283842959594 49.438494121842915 0 0 0 1</transform>
        <rotation_covariance>2.9472902530856317e-08 1.1067722279652759e-08 -6.7393928236080071e-09 1.1067722279652759e-08 2.7905836091723205e-08 -1.2256753117895627e-08 -6.7393928236080055e-09 -1.2256753117895627e-08 2.2567350364086616e-08</rotation_covariance>
        <location_covariance>0.00015943294183882033 3.1840785860337999e-05 -1.2744160178352976e-05 3.1840785860337999e-05 0.00011489199435525097 2.1276851722066438e-05 -1.2744160178352976e-05 2.1276851722066438e-05 6.3476967467172103e-05</location_covariance>
      </camera>
      <camera id="38" sensor_id="0" component_id="0" label="frame_38">
        <transform>0.91823148032579893 -0.20623999193616241 0.33810651319497398 -26.609592665455338 -0.29085930577340263 -0.93058917430134902 0.22227157469669534 -61.605660422464673 0.26879697316693407 -0.30243818277344903 -0.91448309597115496 49.075570564470389 0 0 0 1</transform>
        <rotation_covariance>3.0088438607742221e-08 1.1148907868258554e-08 -6.5397418463752819e-09 1.114890786825855e-08 2.837018641746599e-08 -1.2497313354349073e-08 -6.5397418463752836e-09 -1.2497313354349077e-08 2.3259730794539044e-08</rotation_covariance>
        <location_covariance>0.00016342233376519721 3.2593251395074711e-05 -1.3744857126323209e-05 3.2593251395074711e-05 0.00012339790255794581 2.2768806632632568e-05 -1.3744857126323209e-05 2.2768806632632568e-05 6.8136492062131871e-05</location_covariance>
      </camera>
      <camera id="39" sensor_id="0" component_id="0" label="frame_39">
