<?xml version="1.0" encoding="UTF-8"?>
<document version="2.0.0">
  <chunk label="Chunk 2" enabled="true">
    <sensors next_id="1">
      <sensor id="0" label="unknown" type="frame">
        <resolution width="960" height="1280"/>
        <property name="layer_index" value="0"/>
        <bands>
          <band label="Red"/>
          <band label="Green"/>
          <band label="Blue"/>
        </bands>
        <data_type>uint8</data_type>
        <calibration type="frame" class="adjusted">
          <resolution width="960" height="1280"/>
          <f>619.05000120413206</f>
          <cx>-2.5189342891460544</cx>
          <cy>8.7411575092213472</cy>
          <k1>-0.012106476290449307</k1>
          <k2>0.0089601203914009275</k2>
          <k3>-0.0034777331827888086</k3>
          <p1>0.0029343748982437069</p1>
          <p2>0.00063208689266186502</p2>
        </calibration>
        <covariance>
          <params>f cx cy k1 k2 k3 p1 p2</params>
          <coeffs>0.07444752922520434 0.011053351949737032 -0.073094812366427703 -1.1200444966147857e-05 6.6835408000174451e-05 -2.0040047315369716e-05 1.2830656304258177e-05 -3.4703214914149841e-05 0.011053351949737032 0.10284405140423945 -0.0037183156113249093 1.2443039142846681e-05 -1.081681975970506e-05 4.0311969655599899e-06 6.497770404145446e-05 -1.3908048832912717e-06 -0.073094812366427703 -0.0037183156113249093 0.54158691537306713 -0.00020465409021031876 8.8286056830126788e-05 -3.8313220449896616e-05 2.6665047449912433e-06 0.00016562213353445209 -1.1200444966147857e-05 1.2443039142846681e-05 -0.00020465409021031876 4.1935175970372353e-07 -4.8093910265455455e-07 1.8832574558683831e-07 9.5871825988949549e-09 -7.628399575881594e-08 6.6835408000174451e-05 -1.081681975970506e-05 8.8286056830126788e-05 -4.8093910265455455e-07 7.0919501267376488e-07 -2.8065822489361673e-07 -4.485201721466456e-09 3.373194948703578e-08 -2.0040047315369716e-05 4.0311969655599899e-06 -3.8313220449896616e-05 1.8832574558683831e-07 -2.8065822489361673e-07 1.1683489613276599e-07 1.3467499311945624e-09 -1.4307007479217434e-08 1.2830656304258177e-05 6.497770404145446e-05 2.6665047449912433e-06 9.5871825988949549e-09 -4.485201721466456e-09 1.3467499311945624e-09 4.7583269641679848e-08 -1.3763006887816809e-09 -3.4703214914149841e-05 -1.3908048832912717e-06 0.00016562213353445209 -7.628399575881594e-08 3.373194948703578e-08 -1.4307007479217434e-08 -1.3763006887816809e-09 7.4052840278711132e-08</coeffs>
        </covariance>
      </sensor>
    </sensors>
    <components next_id="1" active_id="0">
      <component id="0" label="Component 1">
        <region>
          <center>-0.00051546145257980874 -0.30656563697518158 -0.9622086973073537</center>
          <size>1.586906475822131 1.8049084226290386 1.4322285423676173</size>
          <R>-0.76955198267343472 -0.0024074391798667668 0.6385796349712235 -0.63845806271142413 0.022773297296579269 -0.76931962089174422 -0.012690473677565709 -0.99973775619751259 -0.01906228504146746</R>
        </region>
        <partition>
          <camera_ids>0 1 2 3 4 5 6 7 8 9 10 11 12 13 14 15 16 17 18 19 20 21 22 23 24 25 26 27 28 29 30 31 32 33 34 35</camera_ids>
        </partition>
      </component>
    </components>
    <cameras next_id="36" next_group_id="0">
      <camera id="0" sensor_id="0" component_id="0" label="1">
        <transform>1 0 0 0 0 -1 0 0 0 0 -1 0 0 0 0 1</transform>
      </camera>
      <camera id="1" sensor_id="0" component_id="0" label="2">
        <transform>0.47425306714691301 0.15448391196139624 0.86672876336651561 0.11615199737127983 0.2327016289921913 -0.97146803352750155 0.045823702366674948 -0.042310632559406598 0.84907831215155094 0.17995716373435269 -0.49667035250210084 -0.6861450633115278 0 0 0 1</transform>
        <rotation_covariance>3.5352031989121789e-07 -1.4543386883736243e-07 -2.8490569488919086e-07 -1.4543386883736243e-07 3.050027574891171e-07 1.6863628501199465e-07 -2.8490569488919081e-07 1.6863628501199465e-07 5.1310350892212901e-07</rotation_covariance>
        <location_covariance>1.5072319739034006e-06 4.4197393418060824e-07 -5.2957118918556096e-07 4.4197393418060824e-07 1.7424028913040194e-06 2.2139608884034493e-06 -5.2957118918556096e-07 2.2139608884034493e-06 1.5308650862614997e-05</location_covariance>
      </camera>
      <camera id="2" sensor_id="0" component_id="0" label="3">
        <transform>0.76160792621283147 0.13363770340108122 0.63410908443222602 0.21541051367059572 0.19023243602540768 -0.98150072756272644 -0.021631968881244933 -0.010794544322724786 0.6194876810830301 0.13710319479692859 -0.77294095955826103 -0.57581958121131183 0 0 0 1</transform>
        <rotation_covariance>1.825452686019795e-07 -6.0463814450951532e-08 -1.2606880759276928e-07 -6.0463814450951545e-08 2.0284818839267371e-07 1.1514643119075817e-07 -1.2606880759276925e-07 1.1514643119075814e-07 2.8334048866300161e-07</rotation_covariance>
        <location_covariance>1.4112050639071689e-06 -3.538333816237727e-08 -2.807493593565692e-06 -3.538333816237727e-08 1.330587554198676e-06 9.511893726683364e-07 -2.807493593565692e-06 9.511893726683364e-07 9.8959338292262495e-06</location_covariance>
      </camera>
      <camera id="3" sensor_id="0" component_id="0" label="4">
        <transform>0.97248547994828094 0.084698221555250836 0.21702120300823069 -0.29770037778965691 0.08997497254718495 -0.99583800866085803 -0.014531511329175406 -0.008723673121906677 0.21488716947480921 0.033658160552149652 -0.97605872396252391 -0.085212312992118525 0 0 0 1</transform>
        <rotation_covariance>1.4968470108001849e-08 -1.6549464601151186e-09 -8.6160627300846856e-09 -1.6549464601151203e-09 6.611101906011388e-08 -6.3813729881681268e-09 -8.6160627300846856e-09 -6.3813729881681276e-09 5.4290159544077207e-08</rotation_covariance>
        <location_covariance>1.6730973436426862e-06 5.8079644115725294e-08 4.9215868883347596e-07 5.8079644115725294e-08 5.9702868657577988e-08 4.3512506562510016e-08 4.9215868883347596e-07 4.3512506562510016e-08 2.0336405133252872e-07</location_covariance>
      </camera>
      <camera id="4" sensor_id="0" component_id="0" label="5">
        <transform>0.85254680460294407 0.089556531406956352 0.51492093921656001 -0.57899149537544115 0.10659555866848222 -0.99429609715963574 -0.0035578146761252594 -0.03620986504332465 0.51166525466701718 0.057921488719388903 -0.85723028896036202 -0.22718064806717148 0 0 0 1</transform>
        <rotation_covariance>5.214528009406973e-08 -4.6194430244501193e-09 -7.5755109471874542e-08 -4.6194430244501243e-09 1.9817327813809148e-07 -2.0090274810861806e-08 -7.5755109471874528e-08 -2.0090274810861809e-08 2.6448723900560116e-07</rotation_covariance>
        <location_covariance>6.2776978549414815e-06 4.033914085595779e-07 2.5477553739626125e-06 4.033914085595779e-07 1.7163639035878897e-07 2.1855425461493709e-07 2.5477553739626125e-06 2.1855425461493709e-07 1.2393991869784331e-06</location_covariance>
      </camera>
      <camera id="5" sensor_id="0" component_id="0" label="6">
        <transform>0.62804341341823844 0.15733941646039268 0.76210614673408217 0.15511200128312072 0.229582270590169 -0.97321859520822285 0.011728042104119735 -0.025591411999529221 0.74354115682498012 0.1676003400021514 -0.64734586902098445 -0.63097141623719522 0 0 0 1</transform>
        <rotation_covariance>2.5677633209742788e-07 -1.0142670422562889e-07 -1.9502459453440973e-07 -1.0142670422562894e-07 2.5194356238383602e-07 1.4593734883873468e-07 -1.9502459453440971e-07 1.4593734883873468e-07 3.911920817216252e-07</rotation_covariance>
        <location_covariance>1.2855200317264414e-06 1.8876755733620881e-07 -1.6228491827294176e-06 1.8876755733620881e-07 1.5101653146094598e-06 1.4916314982317732e-06 -1.6228491827294176e-06 1.4916314982317732e-06 1.2368782749298117e-05</location_covariance>
      </camera>
      <camera id="6" sensor_id="0" component_id="0" label="7">
        <transform>0.97437448221776712 -0.032840467754173437 -0.22252162160236222 0.23994373418280801 -0.02871940030525726 -0.99935126016516174 0.021731425457378956 -0.011204144448438601 -0.22309093313930123 -0.014783858900514179 -0.97468552521674678 -0.019795645520224978 0 0 0 1</transform>
        <rotation_covariance>8.118647586583003e-09 3.2135352791705199e-09 1.775699866820465e-09 3.2135352791705199e-09 2.913622561290626e-08 4.3669196998204211e-09 1.7756998668204679e-09 4.3669196998204203e-09 4.2024575626319297e-08</rotation_covariance>
        <location_covariance>1.1216600844955317e-06 -3.252413919279155e-08 -7.2114192380689801e-08 -3.252413919279155e-08 3.9571310400331842e-08 2.0147528832036965e-08 -7.2114192380689801e-08 2.0147528832036965e-08 4.2755498022973831e-08</location_covariance>
      </camera>
      <camera id="7" sensor_id="0" component_id="0" label="8">
        <transform>0.85799148745834963 0.097336256684262351 0.50435727474054015 -0.38493793116948377 0.10975754061745946 -0.99394526927941995 0.0051072453111154076 -0.0066082029918178133 0.50180064739557251 0.050975041066747211 -0.86347996818781358 -0.63828693663698277 0 0 0 1</transform>
        <rotation_covariance>1.7500690943858036e-07 -4.9628512874463233e-08 -4.7028441405721967e-08 -4.9628512874463213e-08 3.8121842434674609e-07 -3.049847886710747e-09 -4.702844140572194e-08 -3.0498478867107433e-09 2.6526630770801683e-07</rotation_covariance>
        <location_covariance>4.8564290833741001e-06 -3.7408897343341997e-08 4.0383539820663653e-06 -3.7408897343341997e-08 1.5640420190009775e-06 -3.0988441295261072e-07 4.0383539820663653e-06 -3.0988441295261072e-07 9.9465377949582899e-06</location_covariance>
      </camera>
      <camera id="8" sensor_id="0" component_id="0" label="9">
        <transform>0.88775580324412662 0.088211094818902644 0.45178361696416663 0.26938197286862631 0.11151220539666196 -0.99344474476882616 -0.025150887435113539 -0.004363311384663335 0.44660347272938572 0.072707233767016863 -0.89177295109461596 -0.54613008728930845 0 0 0 1</transform>
        <rotation_covariance>1.2787434765222568e-07 -2.0979259485417197e-08 -7.3844165885151838e-08 -2.097925948541719e-08 1.5365664939184902e-07 6.9925706388303361e-08 -7.3844165885151851e-08 6.9925706388303374e-08 1.8732971686228044e-07</rotation_covariance>
        <location_covariance>2.0153597058017561e-06 -1.7165448868245077e-07 -3.5982672027315143e-06 -1.7165448868245077e-07 1.2566490520931959e-06 7.3297670269851831e-07 -3.5982672027315143e-06 7.3297670269851831e-07 8.7346057453211307e-06</location_covariance>
      </camera>
      <camera id="9" sensor_id="0" label="10"/>
      <camera id="10" sensor_id="0" label="11"/>
      <camera id="11" sensor_id="0" component_id="0" label="12">
        <transform>-0.075653965476889962 0.20838529306181003 0.97511642748092653 0.098552056270032218 0.30708009736916231 -0.92552158406608853 0.22161139688099035 -0.089843859262910553 0.94867185649589469 0.31620462846603237 0.0060284018853304921 -0.86063753373410079 0 0 0 1</transform>
        <rotation_covariance>9.2484747050018742e-07 -3.485357673644486e-07 -6.1089695328327652e-07 -3.485357673644487e-07 6.1627366168281093e-07 1.7047724265479194e-07 -6.1089695328327641e-07 1.7047724265479202e-07 7.6088536537497169e-07</rotation_covariance>
        <location_covariance>1.7884083914187222e-06 8.4513100474880761e-07 7.3000345336990557e-07 8.4513100474880761e-07 2.7420100396230819e-06 5.286485871345117e-06 7.3000345336990557e-07 5.286485871345117e-06 2.7651545398201082e-05</location_covariance>
      </camera>
      <camera id="12" sensor_id="0" label="13"/>
      <camera id="13" sensor_id="0" component_id="0" label="14">
        <transform>-0.37067267249234465 0.2069163845058534 0.90542110627619454 0.11679377430141381 0.27605043575441551 -0.90626584747487982 0.32012243067369367 -0.11555695071572986 0.88679080215526584 0.36860252783135211 0.2788086255644846 -0.94833676403123113 0 0 0 1</transform>
        <rotation_covariance>1.3892851421262484e-06 -4.6510439286044487e-07 -7.2567852598932254e-07 -4.6510439286044503e-07 8.1869299067913659e-07 1.27941293951897e-07 -7.2567852598932264e-07 1.2794129395189692e-07 7.275891058211941e-07</rotation_covariance>
        <location_covariance>1.7380204871557351e-06 7.555289861874501e-07 1.2008936039769639e-07 7.555289861874501e-07 3.4734816336841892e-06 7.4680665363888917e-06 1.2008936039769639e-07 7.4680665363888917e-06 3.5696417592056771e-05</location_covariance>
      </camera>
      <camera id="14" sensor_id="0" component_id="0" label="15">
        <transform>-0.831545604529495 0.079714343807453819 0.54970676817647401 0.23512837753568785 0.21481286559435331 -0.86649500238020238 0.45060164627448351 -0.15784437962709538 0.51223758195081648 0.49277990446190018 0.70340644395377938 -1.0864999861394351 0 0 0 1</transform>
        <rotation_covariance>2.4225447209734701e-06 -6.1955771367818496e-07 -5.6408857568713196e-07 -6.1955771367818496e-07 1.3662831988175827e-06 -1.5163138105350537e-07 -5.6408857568713185e-07 -1.5163138105350529e-07 5.2076129528331934e-07</rotation_covariance>
        <location_covariance>2.6833142081653913e-06 -1.0101443534507193e-06 -7.1586497978358704e-06 -1.0101443534507193e-06 4.9030256214119138e-06 1.1899528766283587e-05 -7.1586497978358704e-06 1.1899528766283587e-05 5.109908499131741e-05</location_covariance>
      </camera>
      <camera id="15" sensor_id="0" component_id="0" label="16">
        <transform>0.24689117430009977 0.2368125277257479 0.93966194706652906 0.10601628255516654 0.27129507813268994 -0.94779513615945343 0.16758090718653212 -0.063051808593270725 0.9302922812931943 0.21355141438217046 -0.2982483273744867 -0.76258964118822969 0 0 0 1</transform>
        <rotation_covariance>5.2089581015478924e-07 -2.2986329709687713e-07 -4.0088862630098816e-07 -2.2986329709687713e-07 4.4245174030020331e-07 1.9417851238222088e-07 -4.0088862630098816e-07 1.9417851238222093e-07 6.6402515475406938e-07</rotation_covariance>
        <location_covariance>1.6464437547311996e-06 6.4272034175178673e-07 7.2103529106845974e-08 6.4272034175178673e-07 2.1221992603736547e-06 3.3907288470716507e-06 7.2103529106845974e-08 3.3907288470716507e-06 2.0114161706305377e-05</location_covariance>
      </camera>
      <camera id="16" sensor_id="0" component_id="0" label="17">
        <transform>-0.61688026757908399 0.11325153930612236 0.77886637128351555 0.15946339469834622 0.28132412660903133 -0.89248990848465504 0.35258828545588161 -0.13956219623578503 0.73506154249778533 0.43661865752375534 0.51869902317522276 -1.0236020130069172 0 0 0 1</transform>
        <rotation_covariance>1.9450077617485032e-06 -5.2669204043255209e-07 -7.4877221167719715e-07 -5.2669204043255199e-07 1.0512823703333297e-06 2.5326688632094981e-08 -7.4877221167719715e-07 2.5326688632094994e-08 6.3127914323826713e-07</rotation_covariance>
        <location_covariance>1.7681708565792865e-06 2.2185451090719367e-07 -2.2127345444486382e-06 2.2185451090719367e-07 4.2122858064325144e-06 9.777599630769005e-06 -2.2127345444486382e-06 9.777599630769005e-06 4.363804548720272e-05</location_covariance>
      </camera>
      <camera id="17" sensor_id="0" component_id="0" label="18">
        <transform>-0.94211461397751028 -0.010530107825395624 0.33512560475020681 0.31879793395229822 0.17350682030496031 -0.87058361984134303 0.46041236318283751 -0.17076090924230766 0.28690667025649397 0.49190779389345751 0.82201659646822356 -1.1205618024508179 0 0 0 1</transform>
        <rotation_covariance>2.7906428244658134e-06 -6.3284766216775603e-07 -3.4120258414835349e-07 -6.3284766216775603e-07 1.687817521139459e-06 -2.7984742148912592e-07 -3.4120258414835334e-07 -2.7984742148912597e-07 4.2152441285296583e-07</rotation_covariance>
        <location_covariance>5.0175501970256622e-06 -2.6016395519453114e-06 -1.3050660345934359e-05 -2.6016395519453114e-06 5.3972754426496976e-06 1.3312955995990298e-05 -1.3050660345934359e-05 1.3312955995990298e-05 5.5294735471183626e-05</location_covariance>
      </camera>
      <camera id="18" sensor_id="0" label="19"/>
      <camera id="19" sensor_id="0" component_id="0" label="20">
        <transform>-0.83154560452949489 0.079714343807453597 0.54970676817647424 0.23512837753568808 0.21481286559435303 -0.86649500238020283 0.4506016462744834 -0.15784437962709541 0.51223758195081648 0.49277990446190029 0.70340644395377927 -1.0864999861394349 0 0 0 1</transform>
        <rotation_covariance>2.4225447209734862e-06 -6.1955771367817819e-07 -5.6408857568714085e-07 -6.1955771367817829e-07 1.3662831988175788e-06 -1.5163138105350053e-07 -5.6408857568714117e-07 -1.5163138105350048e-07 5.2076129528332114e-07</rotation_covariance>
        <location_covariance>2.6833142081653926e-06 -1.0101443534507297e-06 -7.1586497978358806e-06 -1.0101443534507297e-06 4.9030256214119316e-06 1.1899528766283589e-05 -7.1586497978358806e-06 1.1899528766283589e-05 5.1099084991317478e-05</location_covariance>
      </camera>
      <camera id="20" sensor_id="0" component_id="0" label="21">
        <transform>-0.61688026757908365 0.11325153930612258 0.77886637128351566 0.15946339469834583 0.2813241266090315 -0.89248990848465437 0.35258828545588183 -0.13956219623578517 0.73506154249778555 0.43661865752375467 0.51869902317522232 -1.0236020130069172 0 0 0 1</transform>
        <rotation_covariance>1.9450077617485066e-06 -5.2669204043254913e-07 -7.4877221167718805e-07 -5.2669204043254923e-07 1.051282370333324e-06 2.5326688632095841e-08 -7.4877221167718815e-07 2.5326688632095841e-08 6.3127914323825633e-07</rotation_covariance>
        <location_covariance>1.7681708565792751e-06 2.218545109072014e-07 -2.2127345444486089e-06 2.218545109072014e-07 4.2122858064325279e-06 9.7775996307689983e-06 -2.2127345444486089e-06 9.7775996307689983e-06 4.3638045487202659e-05</location_covariance>
      </camera>
      <camera id="21" sensor_id="0" component_id="0" label="22">
        <transform>-0.075653965476889962 0.20838529306180975 0.97511642748092642 0.098552056270032273 0.30708009736916186 -0.92552158406608875 0.22161139688099041 -0.089843859262910483 0.94867185649589392 0.3162046284660322 0.0060284018853304921 -0.8606375337341009 0 0 0 1</transform>
        <rotation_covariance>9.2484747050019038e-07 -3.4853576736445003e-07 -6.1089695328327514e-07 -3.4853576736444997e-07 6.1627366168281485e-07 1.7047724265479154e-07 -6.1089695328327493e-07 1.7047724265479157e-07 7.608853653749682e-07</rotation_covariance>
        <location_covariance>1.7884083914187207e-06 8.4513100474879691e-07 7.3000345336986205e-07 8.4513100474879691e-07 2.7420100396231006e-06 5.286485871345145e-06 7.3000345336986205e-07 5.286485871345145e-06 2.7651545398201116e-05</location_covariance>
      </camera>
      <camera id="22" sensor_id="0" component_id="0" label="23">
        <transform>-0.94211461397751073 -0.010530107825396151 0.3351256047502067 0.31879793395229822 0.17350682030496026 -0.87058361984134391 0.46041236318283729 -0.17076090924230738 0.28690667025649397 0.4919077938934574 0.82201659646822445 -1.1205618024508179 0 0 0 1</transform>
        <rotation_covariance>2.7906428244658816e-06 -6.328476621677554e-07 -3.4120258414836726e-07 -6.3284766216775529e-07 1.6878175211394594e-06 -2.7984742148913106e-07 -3.4120258414836726e-07 -2.7984742148913095e-07 4.215244128529726e-07</rotation_covariance>
        <location_covariance>5.0175501970256724e-06 -2.6016395519453123e-06 -1.305066034593435e-05 -2.6016395519453123e-06 5.3972754426497086e-06 1.3312955995990284e-05 -1.305066034593435e-05 1.3312955995990284e-05 5.5294735471183571e-05</location_covariance>
      </camera>
      <camera id="23" sensor_id="0" component_id="0" label="24">
        <transform>-0.37067267249234459 0.20691638450585365 0.90542110627619499 0.11679377430141402 0.27605043575441501 -0.90626584747487982 0.32012243067369395 -0.11555695071572995 0.8867908021552664 0.3686025278313515 0.27880862556448438 -0.94833676403123079 0 0 0 1</transform>
        <rotation_covariance>1.3892851421262575e-06 -4.6510439286044053e-07 -7.2567852598933207e-07 -4.6510439286044053e-07 8.186929906791349e-07 1.2794129395189239e-07 -7.2567852598933217e-07 1.2794129395189242e-07 7.27589105821203e-07</rotation_covariance>
        <location_covariance>1.7380204871557313e-06 7.5552898618745201e-07 1.2008936039769123e-07 7.5552898618745201e-07 3.4734816336841981e-06 7.4680665363889104e-06 1.2008936039769123e-07 7.4680665363889104e-06 3.5696417592056819e-05</location_covariance>
      </camera>
      <camera id="24" sensor_id="0" label="25"/>
      <camera id="25" sensor_id="0" label="26"/>
      <camera id="26" sensor_id="0" label="27"/>
      <camera id="27" sensor_id="0" component_id="0" label="28">
        <transform>0.92175494376354861 0.071730488386348032 0.38108077973483934 -0.36612407405370873 0.064947873807015874 -0.99741791243368683 0.030647702105938548 -0.090876253577543475 0.38229517043170347 -0.0034992845386436766 -0.9240336344919009 -0.39749159475723334 0 0 0 1</transform>
        <rotation_covariance>3.8467061344154191e-08 -3.953266060301258e-08 -1.688889017797825e-08 -3.9532660603012587e-08 5.2580855533032847e-07 -7.213036713450762e-08 -1.6888890177978243e-08 -7.213036713450762e-08 1.9254787351782176e-07</rotation_covariance>
        <location_covariance>8.7388451339421363e-06 4.5075737805646773e-07 3.8935198264846212e-06 4.5075737805646773e-07 6.2697292461828675e-07 1.2739159631598887e-06 3.8935198264846212e-06 1.2739159631598887e-06 6.2267971643768345e-06</location_covariance>
      </camera>
      <camera id="28" sensor_id="0" component_id="0" label="29">
        <transform>0.59441982826693263 -0.35411789912294167 -0.72198724454374141 0.29165696756867154 -0.20809869971720119 -0.93497596956934659 0.28725401216322544 -0.3451855724960709 -0.77676251128586304 -0.020504873777094437 -0.62945972961919117 -0.54495872402163914 0 0 0 1</transform>
        <rotation_covariance>7.7401524592806578e-07 -4.5498239189633689e-07 -1.6584408530183469e-07 -4.5498239189633689e-07 9.210195284842542e-07 5.3628815092435568e-07 -1.6584408530183471e-07 5.3628815092435568e-07 5.4266911191261731e-07</rotation_covariance>
        <location_covariance>1.0494294196911301e-06 -1.3612071614392904e-06 6.3460223790198801e-07 -1.3612071614392904e-06 5.4386477510941824e-06 -2.4004523123315676e-06 6.3460223790198801e-07 -2.4004523123315676e-06 1.9296547517122872e-06</location_covariance>
      </camera>
      <camera id="29" sensor_id="0" component_id="0" label="30">
        <transform>0.97567041303317215 -0.12407465149025211 -0.1807559846568062 0.20244253353064798 -0.11158185827715029 -0.99070864660212943 0.077755169932257978 -0.010339729841040981 -0.18872396253548998 -0.055694330100548334 -0.98044959460420722 -0.28154582894308761 0 0 0 1</transform>
        <rotation_covariance>6.5002204366500979e-08 1.5517900970467841e-08 2.3753444979979735e-09 1.5517900970467838e-08 7.2430418867617173e-08 2.7643264849379268e-08 2.3753444979979735e-09 2.7643264849379271e-08 3.3706033854502472e-08</rotation_covariance>
        <location_covariance>9.3770205583839488e-07 4.0770346734819179e-08 -1.0715866388584762e-06 4.0770346734819179e-08 5.913162342423829e-07 -2.0882959442562745e-07 -1.0715866388584762e-06 -2.0882959442562745e-07 1.5550294084363318e-06</location_covariance>
      </camera>
      <camera id="30" sensor_id="0" component_id="0" label="31">
        <transform>-0.20664735773147344 -0.36179393761501039 -0.90906656315565004 0.32760745151618315 -0.15924273089621913 -0.90429598244555309 0.39609409082886571 -0.38421732444768192 -0.96536968162425429 0.22661403936618171 0.12925732073205023 -0.75482494970059621 0 0 0 1</transform>
        <rotation_covariance>1.193468019469547e-06 4.5476310147578413e-07 7.7559141459756969e-07 4.5476310147578407e-07 5.0438821583626986e-06 6.2180686945774863e-07 7.7559141459756959e-07 6.2180686945774852e-07 1.5786976442142552e-06</rotation_covariance>
        <location_covariance>1.4931022619536195e-06 -1.6202663925011689e-06 -1.6391212742904455e-06 -1.6202663925011689e-06 6.3979302601883931e-06 3.9473750806636748e-06 -1.6391212742904455e-06 3.9473750806636748e-06 2.8236980888131717e-05</location_covariance>
      </camera>
      <camera id="31" sensor_id="0" component_id="0" label="32">
        <transform>0.81593328502821905 -0.28512341803162156 -0.50294881536099012 0.21399570858022576 -0.19352568244105756 -0.95444421491398956 0.22712122501637844 -0.31484727128761453 -0.54479416720334028 -0.087982254501590029 -0.83394150770544817 -0.43020890909291815 0 0 0 1</transform>
        <rotation_covariance>9.6075685637774807e-07 -4.9521647750537479e-07 -1.1219534255556002e-07 -4.9521647750537479e-07 6.1583197694534631e-07 2.2494625362849731e-07 -1.1219534255556001e-07 2.2494625362849726e-07 2.4734519078959244e-07</rotation_covariance>
        <location_covariance>1.575152772804457e-06 -1.9034887170904018e-06 6.4393318690756826e-08 -1.9034887170904018e-06 6.0521994315273589e-06 -1.9239672840465864e-06 6.4393318690756826e-08 -1.9239672840465864e-06 2.5817864393453582e-06</location_covariance>
      </camera>
      <camera id="32" sensor_id="0" component_id="0" label="33">
        <transform>0.42515822470135856 -0.41257556775296045 -0.80561894519810773 0.3198204814526503 -0.21041076504348602 -0.91073704245405351 0.35536650018798743 -0.36274841187370621 -0.8803225510701197 0.018423908254400226 -0.47401768498868224 -0.61753959968301742 0 0 0 1</transform>
        <rotation_covariance>6.6659934629525298e-07 -3.3930502289867785e-07 -9.1770373812864919e-08 -3.3930502289867785e-07 1.1742699261108151e-06 7.0821198833822452e-07 -9.1770373812864998e-08 7.0821198833822462e-07 7.2727130896658138e-07</rotation_covariance>
        <location_covariance>9.5243310660223746e-07 -1.1538175628238565e-06 8.0573735299157112e-07 -1.1538175628238565e-06 5.0728372862847309e-06 -2.6182181642639583e-06 8.0573735299157112e-07 -2.6182181642639583e-06 1.7763389756838401e-06</location_covariance>
      </camera>
      <camera id="33" sensor_id="0" component_id="0" label="34">
        <transform>-0.0028941867853706782 -0.39314713648553812 -0.91947101789891872 0.35115568497574134 -0.23494907436747467 -0.89346907953940913 0.38276877662744141 -0.40189281425800549 -0.97200337249246149 0.21713666889823813 -0.089783689404360378 -0.7969887907065798 0 0 0 1</transform>
        <rotation_covariance>8.1522303880204414e-07 1.9104234619510362e-07 3.9542423644619058e-07 1.9104234619510365e-07 1.5386580908012705e-06 9.7395722594680121e-07 3.9542423644619058e-07 9.7395722594680142e-07 1.2722121764276995e-06</rotation_covariance>
        <location_covariance>1.0007481893934648e-06 -8.8691844748819446e-07 1.0081022910574852e-06 -8.8691844748819446e-07 4.3030306378837918e-06 -2.9104797483131165e-06 1.0081022910574852e-06 -2.9104797483131165e-06 2.288181425613042e-06</location_covariance>
      </camera>
      <camera id="34" sensor_id="0" component_id="0" label="35">
        <transform>0.87249278491391546 0.11904238399640336 0.47390426362886062 0.22138536972143544 0.10857463104327644 -0.99285481363196459 0.049506247501242925 0.044847544777404519 0.47641147106988951 0.0082601368203419623 -0.87918364428186058 -0.37224918642899996 0 0 0 1</transform>
        <rotation_covariance>1.306419249147229e-07 -1.2150198136864401e-08 -7.5204676042016785e-08 -1.2150198136864401e-08 1.7520560574929968e-07 7.6730190760734571e-08 -7.5204676042016785e-08 7.6730190760734558e-08 1.9710243750971588e-07</rotation_covariance>
        <location_covariance>1.3080041587993442e-06 1.7967826682628928e-07 -1.9402742280527689e-06 1.7967826682628928e-07 9.939377972755031e-07 3.2986908331680685e-08 -1.9402742280527689e-06 3.2986908331680685e-08 4.8247573433667728e-06</location_covariance>
      </camera>
      <camera id="35" sensor_id="0" component_id="0" label="36">
        <transform>0.13750919109809559 -0.41833826189456197 -0.89782198736641783 0.34676798110072038 -0.21868004173059433 -0.89688783678596318 0.38441025945479168 -0.38825223595852137 -0.96605913986269665 0.14347580583649563 -0.21481254951076548 -0.73330285330639922 0 0 0 1</transform>
        <rotation_covariance>6.8489136705756057e-07 2.1325661629516398e-09 1.8187506296693419e-07 2.1325661629516489e-09 1.4440534415704505e-06 9.334728198571729e-07 1.8187506296693421e-07 9.3347281985717279e-07 1.0964192961330751e-06</rotation_covariance>
        <location_covariance>9.3582507814747968e-07 -9.5182042092716851e-07 9.4648558442002571e-07 -9.5182042092716872e-07 4.555185654512537e-06 -2.8618760336790192e-06 9.4648558442002571e-07 -2.8618760336790187e-06 1.9628188515459728e-06</location_covariance>
      </camera>
    </cameras>
    <reference>LOCAL_CS["Local Coordinates (m)",LOCAL_DATUM["Local Datum",0],UNIT["metre",1,AUTHORITY["EPSG","9001"]]]</reference>
    <region>
      <center>-0.00051546145257980874 -0.30656563697518158 -0.9622086973073537</center>
      <size>1.586906475822131 1.8049084226290386 1.4322285423676173</size>
      <R>-0.76955198267343472 -0.0024074391798667668 0.6385796349712235 -0.63845806271142413 0.022773297296579269 -0.76931962089174422 -0.012690473677565709 -0.99973775619751259 -0.01906228504146746</R>
    </region>
    <settings>
      <property name="accuracy_tiepoints" value="1"/>
      <property name="accuracy_cameras" value="10"/>
      <property name="accuracy_cameras_ypr" value="10"/>
      <property name="accuracy_markers" value="0.0050000000000000001"/>
      <property name="accuracy_scalebars" value="0.001"/>
      <property name="accuracy_projections" value="0.5"/>
    </settings>
    <meta>
      <property name="AlignCameras/adaptive_fitting" value="false"/>
      <property name="AlignCameras/cameras" value=""/>
      <property name="AlignCameras/duration" value="3.757"/>
      <property name="AlignCameras/min_image" value="2"/>
      <property name="AlignCameras/point_clouds" value=""/>
      <property name="AlignCameras/ram_used" value="47386624"/>
      <property name="AlignCameras/reset_alignment" value="false"/>
      <property name="AlignCameras/subdivide_task" value="true"/>
      <property name="OptimizeCameras/sigma0" value="0.250451299714596"/>
    </meta>
  </chunk>
</document>
